1 	 4 0.05857587732783985
2 	 1 0.4699834478669178
3 	 3 0.059805403073405414
4 	 3 0.08514332154945883
5 	 1 0.2802467451399576
6 	 4 0.15165817481523441
7 	 2 0.10743137683644519
8 	 1 0.08998741705451402
9 	 2 0.1369972728190662
10 	 4 0.18286197847838517
11 	 4 0.1485458154056987
12 	 2 0.07940864951537151
13 	 2 0.14710549294927422
14 	 3 0.5864258632822963
15 	 3 0.511196384278275
16 	 2 0.18401829666893527
17 	 3 0.4021850911342948
18 	 1 0.06965712452016136
19 	 4 0.04902018124627255
20 	 3 0.13817047447319772
21 	 4 0.025859404928472166
22 	 2 0.2235707896624793
23 	 1 0.16999407618183346
24 	 3 0.15340707622327945
25 	 3 0.17473217819324294
26 	 1 0.1291235422320906
27 	 2 0.18286615259572253
28 	 1 0.17265102894280365
29 	 1 0.1772591619185216
30 	 4 0.08842804523816968
31 	 4 0.18129272390191276
32 	 4 0.18261189158819935
33 	 1 0.15346809381596604
34 	 1 0.14722630865739444
35 	 3 0.029457745334158406
36 	 1 0.17327225423715523
37 	 3 0.15880382102131613
38 	 4 0.1742199823628547
39 	 3 0.052966684197944806
40 	 3 0.11459184606996255
41 	 2 0.1324910104776678
42 	 2 0.07835061076541039
43 	 4 0.11399828185913422
44 	 4 0.19158830119613152
45 	 4 0.0595673088854618
46 	 1 0.16889549415935437
47 	 3 0.04874529039670458
48 	 3 0.016300936414233313
49 	 3 0.055174060463301526
50 	 2 0.11582102931615551
