1 	 3 0.15888337246619186
2 	 1 0.14072373968499313
3 	 3 0.15715051413508946
4 	 3 0.1558212345194648
5 	 3 0.14151161816887375
6 	 3 0.1607367463788135
7 	 2 0.153458659655811
8 	 3 0.15290739416673416
9 	 3 0.15668990560308932
10 	 2 0.15924564961296409
11 	 3 0.15774013643479182
12 	 2 0.1701409477518383
13 	 1 0.15771583092798647
14 	 1 0.1623227861588059
15 	 1 0.16365878781181
16 	 1 0.1607985666760996
17 	 1 0.16135322297490126
18 	 1 0.16006216472017956
19 	 1 0.16124015393046523
20 	 1 0.1607355488021221
21 	 1 0.15805229418541367
22 	 1 0.1588534634853136
23 	 1 0.1629961213563327
24 	 1 0.15794198196393408
25 	 1 0.16110290726545876
26 	 1 0.16087054572009152
27 	 1 0.15779367876123437
28 	 1 0.16059858750845235
29 	 1 0.16107798312400473
30 	 1 0.16070663094924334
31 	 1 0.15999541764757838
32 	 1 0.16054158671717847
33 	 1 0.15900835656453702
34 	 1 0.1597857038560083
35 	 1 0.15887510947033628
36 	 1 0.16153361338888372
37 	 1 0.16157911538071643
38 	 1 0.15951266638373615
39 	 1 0.16059048253832942
40 	 1 0.1598082036556513
41 	 1 0.16020695988400854
42 	 1 0.15925349980358744
43 	 1 0.16018033210996854
44 	 1 0.16113988646729455
45 	 1 0.15948897679494994
46 	 1 0.15925565883083106
47 	 1 0.16001527644036467
48 	 1 0.16122877703441513
49 	 1 0.16052927549829163
50 	 1 0.15996143657164963
