1 	 2 0.16643100100562278
2 	 3 0.24073833977556536
3 	 3 0.1718117107588728
4 	 1 0.1745326809959876
5 	 1 0.16725655555339408
6 	 4 0.1834308281158928
7 	 2 0.16440110384911968
8 	 2 0.17476801992807992
9 	 2 0.16478489066027832
10 	 3 0.17159271305928736
11 	 1 0.16301072503400646
12 	 4 0.2409088272736528
13 	 2 0.1724719045275656
14 	 4 0.16902189363030795
15 	 4 0.16511642038763263
16 	 4 0.163877200545862
17 	 1 0.16869667385190829
18 	 4 0.1660978447192338
19 	 3 0.1651836388472749
20 	 1 0.16284257732155696
21 	 4 0.261610008386463
22 	 1 0.17720829986125536
23 	 4 0.1607940139505984
24 	 4 0.23009261449144877
25 	 2 0.1646693114448592
26 	 3 0.18008385156098053
27 	 3 0.16443358539618205
28 	 4 0.157998097104039
29 	 1 0.3575490598887016
30 	 1 0.15952314227299688
31 	 1 0.15898167441418812
32 	 1 0.16395083558813273
33 	 3 0.15866600402736314
34 	 4 0.16336673696830076
35 	 2 0.15721859168880328
36 	 1 0.26658777638356435
37 	 1 0.17141350052728235
38 	 3 0.1534263915104606
39 	 2 0.19486996050084068
40 	 1 0.15505977964001108
41 	 4 0.1540427243843306
42 	 3 0.15383963374488738
43 	 3 0.15835504501689748
44 	 4 0.157855309213964
45 	 1 0.16893825798798134
46 	 4 0.15588755384101768
47 	 4 0.157810039060498
48 	 2 0.17931355256915749
49 	 1 0.15300970878989997
50 	 4 0.14996528539521536
