1 	 3 0.24073365287719511
2 	 4 0.23305088024608211
3 	 2 0.27064262409309364
4 	 2 0.2383142609889681
5 	 3 0.23441636383653813
6 	 2 0.23536671811867518
7 	 4 0.21870842583113498
8 	 1 10
9 	 3 0.2132959426798417
10 	 1 0.20772726022739713
11 	 3 0.27156251594895353
12 	 4 0.21954570561441158
13 	 2 0.2111656734341097
14 	 4 0.20828694965715577
15 	 4 0.21172800143219972
16 	 2 0.219139723634851
17 	 1 0.2210427128834955
18 	 3 0.21442754642674416
19 	 3 0.2154140795214364
20 	 3 0.21109575395489866
21 	 4 0.2138521952162976
22 	 1 0.21223281833493163
23 	 3 0.17405414944358316
24 	 1 0.2439016014327258
25 	 4 0.17728510433597308
26 	 4 0.18238325547533746
27 	 3 0.18887013667366326
28 	 2 0.22900228317840995
29 	 1 0.17592778752548585
30 	 3 0.17397981434688967
31 	 1 0.24193774867919296
32 	 1 0.2046155242099461
33 	 1 0.17924888693465096
34 	 4 0.2907876830084939
35 	 2 0.20487295189925878
36 	 2 0.18653821285886055
37 	 3 0.206461338228033
38 	 3 0.1862336153062221
39 	 1 0.19449242689022986
40 	 4 0.19906841214317503
41 	 3 0.1971443797254455
42 	 1 0.2153184526209706
43 	 2 0.15989480155451283
44 	 2 0.2672411611150386
45 	 1 0.20675807598108786
46 	 2 0.15390393787223272
47 	 3 0.27946494563897406
48 	 4 0.22381772874252204
49 	 1 0.16066309194275857
50 	 2 0.18264111837826216
