1.00000000	0.10701160	1.00000000	1.00000000	0.89802986	0.01250000	0.01960597	0.03469393	
1.00000000	0.12061705	1.00000000	1.00000000	0.92257971	0.01043229	0.00625000	0.06938971	
1.00000000	0.06670212	1.00000000	1.00000000	0.91011396	0.01250000	0.00625000	0.00625000	
1.00000000	0.11936937	1.00000000	1.00000000	0.89177873	0.00646373	0.04347444	0.02997645	
2.00000000	0.07471327	1.00000000	1.00000000	0.88780133	0.03057600	0.01224852	0.00156059	
2.00000000	0.10029891	1.00000000	1.00000000	0.90866453	0.01269349	0.01305755	0.02942330	
2.00000000	0.07614373	1.00000000	1.00000000	0.86707011	0.03211948	0.00625000	0.02172552	
2.00000000	0.09142177	1.00000000	1.00000000	0.88251380	0.01250000	0.03280187	0.02867318	
3.00000000	0.11222865	1.00000000	1.00000000	0.90332235	0.04205463	0.00487379	0.03902582	
3.00000000	0.09761200	1.00000000	1.00000000	0.89467747	0.01250000	0.00625000	0.04214603	
3.00000000	0.10876451	1.00000000	1.00000000	0.87411212	0.04334131	0.00625000	0.00625000	
3.00000000	0.06309504	1.00000000	1.00000000	0.98948763	0.01708933	0.00625000	0.00625000	
4.00000000	0.06941125	1.00000000	1.00000000	0.93097070	0.01250000	0.03048511	0.03282908	
4.00000000	0.08857235	1.00000000	1.00000000	0.90978092	0.01250000	0.00625000	0.01995342	
4.00000000	0.12408533	1.00000000	1.00000000	0.90459556	0.00284121	0.00625000	0.00625000	
4.00000000	0.08351105	1.00000000	1.00000000	0.88643503	0.01250000	0.03640625	0.00625000	
5.00000000	0.08639667	1.00000000	1.00000000	0.92490122	0.01744295	0.00794065	0.02272679	
5.00000000	0.16395788	1.00000000	1.00000000	0.92051618	0.03455017	0.04236688	0.01114457	
5.00000000	0.15472386	1.00000000	1.00000000	0.93874707	0.07438212	0.00625000	0.00165444	
5.00000000	0.06498170	1.00000000	1.00000000	0.90579159	0.02610106	0.00625000	0.02285465	
6.00000000	0.11315982	1.00000000	1.00000000	0.94635851	0.01250000	0.02426856	0.05724999	
6.00000000	0.10498849	1.00000000	1.00000000	0.90352700	0.01409138	0.00625000	0.06029171	
6.00000000	0.04649333	1.00000000	1.00000000	0.88962402	0.01250000	0.00625000	0.00625000	
6.00000000	0.07584483	1.00000000	1.00000000	0.91354365	0.04764881	0.02409015	0.05076840	
7.00000000	0.09096795	1.00000000	1.00000000	0.91207103	0.06204953	0.00411471	0.03376511	
7.00000000	0.09927324	1.00000000	1.00000000	0.95758322	0.01250000	0.00625000	0.00298144	
7.00000000	0.15525321	1.00000000	1.00000000	0.90909091	0.07292319	0.00625000	0.00625000	
7.00000000	0.04616876	1.00000000	1.00000000	0.91917447	0.01250000	0.00625000	0.00950991	
8.00000000	0.10049458	1.00000000	1.00000000	0.89523555	0.01267806	0.01103819	0.00625000	
8.00000000	0.08171764	1.00000000	1.00000000	0.94405038	0.01250000	0.00625000	0.00625000	
8.00000000	0.08289934	1.00000000	1.00000000	0.94867138	0.05615472	0.09401338	0.00625000	
8.00000000	0.11746535	1.00000000	1.00000000	0.92770748	0.02043702	0.03386898	0.00625000	
9.00000000	0.13750165	1.00000000	1.00000000	0.91385912	0.01250000	0.00625000	0.00925748	
9.00000000	0.09885105	1.00000000	1.00000000	0.82774128	0.01250000	0.01355767	0.03747027	
9.00000000	0.02720109	1.00000000	1.00000000	0.89015158	0.06571334	0.03758410	0.00625000	
9.00000000	0.04769847	1.00000000	1.00000000	0.92470047	0.01540829	0.00625000	0.01158693	
10.00000000	0.12080069	1.00000000	1.00000000	0.92581938	0.01250000	0.00625000	0.00625000	
10.00000000	0.10009711	1.00000000	1.00000000	0.88440588	0.01250000	0.00625000	0.00625000	
10.00000000	0.06970782	1.00000000	1.00000000	0.95431647	0.00461474	0.00625000	0.12874578	
10.00000000	0.04794078	1.00000000	1.00000000	0.98820411	0.00131055	0.00625000	0.00625000	
11.00000000	0.05713938	1.00000000	1.00000000	0.86887394	0.03994223	0.00625000	0.00625000	
11.00000000	0.05618457	1.00000000	1.00000000	0.90652931	0.00347690	0.01352303	0.04427035	
11.00000000	0.07212892	1.00000000	1.00000000	0.89973625	0.01250000	0.06963363	0.00625000	
11.00000000	0.13971487	1.00000000	1.00000000	0.92639811	0.01250000	0.00625000	0.04030287	
12.00000000	0.06653636	1.00000000	1.00000000	0.88253286	0.05972414	0.00625000	0.02985944	
12.00000000	0.10000000	1.00000000	1.00000000	0.92949669	0.01250000	0.00625000	0.03164483	
12.00000000	0.15954857	1.00000000	1.00000000	0.90909091	0.01250000	0.00625000	0.03141170	
12.00000000	0.07111921	1.00000000	1.00000000	0.97872117	0.04460709	0.01596314	0.06935661	
13.00000000	0.06119759	1.00000000	1.00000000	0.92633582	0.01250000	0.00625000	0.00625000	
13.00000000	0.10000000	1.00000000	1.00000000	0.96304324	0.01250000	0.06333340	0.10767883	
13.00000000	0.08049285	1.00000000	1.00000000	0.90927181	0.01250000	0.00625000	0.06070170	
13.00000000	0.05240108	1.00000000	1.00000000	0.83447183	0.01250000	0.00625000	0.02549971	
14.00000000	0.16487283	1.00000000	1.00000000	0.91548723	0.01941936	0.00625000	0.05887528	
14.00000000	0.06439465	1.00000000	1.00000000	0.95916114	0.07519474	0.08610902	0.00625000	
14.00000000	0.08551745	1.00000000	1.00000000	0.89170516	0.01250000	0.08881227	0.00625000	
14.00000000	0.07913936	1.00000000	1.00000000	0.88523026	0.07083187	0.01622097	0.02218007	
14.00000000	0.10000000	1.00000000	1.00000000	0.90909091	0.01250000	0.00625000	0.00625000	
15.00000000	0.10000000	1.00000000	1.00000000	0.90909091	0.01250000	0.00625000	0.00625000	
16.00000000	0.10000000	1.00000000	1.00000000	0.90909091	0.01250000	0.00625000	0.00625000	
17.00000000	0.10000000	1.00000000	1.00000000	0.90909091	0.01250000	0.00625000	0.00625000	
18.00000000	0.10000000	1.00000000	1.00000000	0.90909091	0.01250000	0.00625000	0.00625000	
19.00000000	0.10000000	1.00000000	1.00000000	0.90909091	0.01250000	0.00625000	0.00625000	
20.00000000	0.10000000	1.00000000	1.00000000	0.90909091	0.01250000	0.00625000	0.00625000	
21.00000000	0.10000000	1.00000000	1.00000000	0.90909091	0.01250000	0.00625000	0.00625000	
22.00000000	0.10000000	1.00000000	1.00000000	0.90909091	0.01250000	0.00625000	0.00625000	
23.00000000	0.10000000	1.00000000	1.00000000	0.90909091	0.01250000	0.00625000	0.00625000	
24.00000000	0.10000000	1.00000000	1.00000000	0.90909091	0.01250000	0.00625000	0.00625000	
25.00000000	0.10000000	1.00000000	1.00000000	0.90909091	0.01250000	0.00625000	0.00625000	
26.00000000	0.10000000	1.00000000	1.00000000	0.90909091	0.01250000	0.00625000	0.00625000	
27.00000000	0.10000000	1.00000000	1.00000000	0.90909091	0.01250000	0.00625000	0.00625000	
28.00000000	0.10000000	1.00000000	1.00000000	0.90909091	0.01250000	0.00625000	0.00625000	
29.00000000	0.10000000	1.00000000	1.00000000	0.90909091	0.01250000	0.00625000	0.00625000	
30.00000000	0.10000000	1.00000000	1.00000000	0.90909091	0.01250000	0.00625000	0.00625000	
31.00000000	0.10000000	1.00000000	1.00000000	0.90909091	0.01250000	0.00625000	0.00625000	
32.00000000	0.10000000	1.00000000	1.00000000	0.90909091	0.01250000	0.00625000	0.00625000	
33.00000000	0.10000000	1.00000000	1.00000000	0.90909091	0.01250000	0.00625000	0.00625000	
34.00000000	0.10000000	1.00000000	1.00000000	0.90909091	0.01250000	0.00625000	0.00625000	
35.00000000	0.10000000	1.00000000	1.00000000	0.90909091	0.01250000	0.00625000	0.00625000	
36.00000000	0.10000000	1.00000000	1.00000000	0.90909091	0.01250000	0.00625000	0.00625000	
37.00000000	0.10000000	1.00000000	1.00000000	0.90909091	0.01250000	0.00625000	0.00625000	
38.00000000	0.10000000	1.00000000	1.00000000	0.90909091	0.01250000	0.00625000	0.00625000	
39.00000000	0.10000000	1.00000000	1.00000000	0.90909091	0.01250000	0.00625000	0.00625000	
40.00000000	0.10000000	1.00000000	1.00000000	0.90909091	0.01250000	0.00625000	0.00625000	
41.00000000	0.10000000	1.00000000	1.00000000	0.90909091	0.01250000	0.00625000	0.00625000	
42.00000000	0.10000000	1.00000000	1.00000000	0.90909091	0.01250000	0.00625000	0.00625000	
43.00000000	0.10000000	1.00000000	1.00000000	0.90909091	0.01250000	0.00625000	0.00625000	
44.00000000	0.10000000	1.00000000	1.00000000	0.90909091	0.01250000	0.00625000	0.00625000	
45.00000000	0.10000000	1.00000000	1.00000000	0.90909091	0.01250000	0.00625000	0.00625000	
46.00000000	0.10000000	1.00000000	1.00000000	0.90909091	0.01250000	0.00625000	0.00625000	
47.00000000	0.10000000	1.00000000	1.00000000	0.90909091	0.01250000	0.00625000	0.00625000	
48.00000000	0.10000000	1.00000000	1.00000000	0.90909091	0.01250000	0.00625000	0.00625000	
49.00000000	0.10000000	1.00000000	1.00000000	0.90909091	0.01250000	0.00625000	0.00625000	
50.00000000	0.10000000	1.00000000	1.00000000	0.90909091	0.01250000	0.00625000	0.00625000	
