1 	 3 0.18062560401499575
2 	 4 0.2760782422500342
3 	 3 0.18096985927562587
4 	 4 0.18335974094837568
5 	 2 0.17290880955802052
6 	 1 0.34132394834750035
7 	 2 0.17842832007570744
8 	 4 0.19041965449513715
9 	 1 0.19777959479292
10 	 3 0.17908449713512625
11 	 3 0.16546533604993133
12 	 2 0.1809812256259986
13 	 4 0.1592098759802321
14 	 3 0.24884800346567829
15 	 1 0.16554014856277044
16 	 2 0.1773480656154543
17 	 1 0.19800229610445974
18 	 1 0.1955580137022605
19 	 2 0.17595068438115943
20 	 2 0.17782788775810432
21 	 1 0.1953570833485562
22 	 2 0.17002734651425583
23 	 4 0.2013582392439083
24 	 4 0.23184665657918674
25 	 2 0.15695928945288062
26 	 4 0.39248741970715695
27 	 4 0.16216203767666665
28 	 3 0.1716932435324988
29 	 1 0.16716753191081168
30 	 3 0.1792716236601645
31 	 4 0.16673150912232812
32 	 3 0.17337496415485346
33 	 4 0.17844790266708851
34 	 1 0.17035698016192677
35 	 2 0.18059879491382078
36 	 3 0.18848543216896055
37 	 1 0.16472041269347057
38 	 4 0.17642253744474817
39 	 1 0.19353301768658016
40 	 3 0.17866179550070724
41 	 3 0.23547158887717082
42 	 2 0.16457067446714357
43 	 1 0.1811004397735478
44 	 1 0.19423865356701922
45 	 1 0.16648534869806902
46 	 4 0.18368003873954467
47 	 2 0.16120930477784964
48 	 3 0.16179381034287907
49 	 3 0.19090126153337827
50 	 3 0.1781349722768528
