1 	 4 0.205927588649736
2 	 1 0.16800052758530215
3 	 2 0.17657751580915831
4 	 4 0.15569122658168244
5 	 1 0.15398556599514687
6 	 1 0.15734086979948442
7 	 3 0.18454364402658377
8 	 3 0.16080964412922366
9 	 4 0.18853893429538285
10 	 2 0.18365829436979125
11 	 2 0.19922007263748404
12 	 3 0.21476248676661303
13 	 3 0.18246877399202305
14 	 3 0.21611333528268145
15 	 1 0.15563042922989975
16 	 2 0.16537988558365885
17 	 2 0.2010798237772214
18 	 2 0.16039379934218137
19 	 3 0.17162168840835992
20 	 2 0.26997963298887273
21 	 2 0.16636242368448942
22 	 3 0.22788664782891438
23 	 4 0.2668062544513911
24 	 3 0.16619382560917106
25 	 1 0.2680172967915167
26 	 3 0.15967999979712583
27 	 2 0.15287956583361917
28 	 4 0.1540246134576794
29 	 2 0.2117363264509717
30 	 4 0.17319931824981877
31 	 1 0.19347130312496075
32 	 2 0.1625000451588505
33 	 4 0.1980650726651829
34 	 4 0.18733449077854966
35 	 3 0.15662068977808022
36 	 3 0.1575202120328508
37 	 4 0.16240623730131454
38 	 2 0.1627180978162375
39 	 1 0.22323934916299887
40 	 1 0.25415496854632597
41 	 3 0.16504314303547707
42 	 2 0.16264975536284548
43 	 1 0.27471059271362036
44 	 2 0.25124025546546713
45 	 2 0.17844960811873825
46 	 4 0.17443598720229678
47 	 4 0.1830957292073322
48 	 2 0.15551975278013777
49 	 1 0.18431840656545198
50 	 4 0.21116087901716063
