1 	 4 0.16147146432580206
2 	 4 0.1206514253120022
3 	 2 0.12101927033122281
4 	 1 0.1452668686081907
5 	 3 0.1459951975276289
6 	 4 0.1437744453492718
7 	 1 0.14208237232382445
8 	 2 0.14931095549901413
9 	 4 0.12947394716258717
10 	 4 0.1329564751883216
11 	 4 0.1222223407015469
12 	 4 0.1231814172391254
13 	 2 0.13290240214603222
14 	 2 0.139591243087318
15 	 2 0.1594068275273265
16 	 4 0.16134089441575902
17 	 3 0.12088542369657387
18 	 3 0.1225166932843842
19 	 2 0.13821468359517458
20 	 1 0.13074858901942848
21 	 3 0.13553763479473777
22 	 4 0.18458153248939022
23 	 3 0.1240191535567051
24 	 3 0.12255539223939992
25 	 2 0.1714278623247106
26 	 2 0.13289238541500253
27 	 4 0.14964972726639594
28 	 2 0.12158313955247102
29 	 1 0.12204304727849681
30 	 4 0.13166266209946612
31 	 4 0.130469904120924
32 	 4 0.14946187252784002
33 	 3 0.1463255440327376
34 	 1 0.12244207027858645
35 	 4 0.12163239294427082
36 	 4 0.12752350781382493
37 	 1 0.15715318274527554
38 	 3 0.17281777363539247
39 	 4 0.1688520115465497
40 	 4 0.32240701510837905
41 	 4 0.12946816610150946
42 	 2 0.15618877008395937
43 	 3 0.14556770777424602
44 	 4 0.1451150731248406
45 	 3 0.12170017904985271
46 	 4 0.1531032289742531
47 	 1 0.1283015396969284
48 	 1 0.1353935673796955
49 	 4 0.15093909702653788
50 	 4 0.13974447736305626
