1 	 3 0.11399865389119729
2 	 1 0.29628406597485035
3 	 3 0.12753111771006198
4 	 4 0.1142732350705074
5 	 1 0.11499907544104074
6 	 1 0.11403780816479789
7 	 1 0.11397377935915688
8 	 1 0.1132112055574072
9 	 1 0.11461261369153225
10 	 3 0.11464687287216711
11 	 2 0.11348553567129316
12 	 3 0.11775320234328862
13 	 1 0.11773273078639346
14 	 4 0.1187930478532386
15 	 3 0.11357659248767377
16 	 1 0.12225156060408288
17 	 2 0.11597503947340727
18 	 4 0.11570527014283058
19 	 1 0.1167466465361091
20 	 3 0.11920391264387703
21 	 1 0.11844171558574255
22 	 3 0.13771943542357937
23 	 3 0.12274327616831014
24 	 4 0.11915370374007284
25 	 2 0.15315891425062453
26 	 3 0.13048540522809168
27 	 2 0.11393205151576218
28 	 1 0.1177290061164918
29 	 2 0.12432528499365073
30 	 3 0.11310422722636439
31 	 2 0.5749104230806217
32 	 2 0.11586984638085225
33 	 2 0.11392734539681325
34 	 4 0.11430188814504062
35 	 1 0.1145366901390462
36 	 2 0.11789839383475881
37 	 1 0.1152709694994196
38 	 2 0.11444655070154573
39 	 1 0.12072574256167667
40 	 1 0.11784855665929522
41 	 2 0.11221834772203097
42 	 1 0.3206053244289448
43 	 4 0.11318534119192492
44 	 1 0.1111635793705713
45 	 1 0.2759006538311366
46 	 2 0.11388949795640717
47 	 1 0.11359446385261825
48 	 3 0.11404908652261583
49 	 2 0.11277592560395362
50 	 1 0.11798893711232508
