1 	 1 0.24204182722013734
2 	 4 0.2408769323610818
3 	 1 0.24141473757846263
4 	 3 0.23620969244618512
5 	 3 0.4636292941310996
6 	 1 0.23429231432088124
7 	 2 0.26963398089128804
8 	 4 0.23447914215768473
9 	 1 0.23293760528559493
10 	 1 0.27047577994030625
11 	 4 0.23301338842904082
12 	 4 0.23318177611869853
13 	 3 0.23276054073949978
14 	 2 0.23285546289040418
15 	 2 0.23187496168700963
16 	 4 0.5339218824609144
17 	 3 0.2335433345535381
18 	 3 0.23290962800643494
19 	 1 0.2326613891105733
20 	 3 0.2339919032557803
21 	 2 0.23317375037250163
22 	 2 0.23475626135427444
23 	 3 0.234218622686789
24 	 2 0.23485504878305882
25 	 2 0.2337130718492693
26 	 4 0.23380125611081162
27 	 4 0.2345577931865186
28 	 2 0.23748833655719537
29 	 3 0.23525718029169854
30 	 3 0.2436221314898043
31 	 3 0.23365732607940834
32 	 1 0.23708570356802267
33 	 2 0.23980438947198696
34 	 4 0.2339899490275661
35 	 2 0.23791192685884707
36 	 2 0.24804752374556147
37 	 4 0.24003938554013904
38 	 3 0.2531510070156894
39 	 3 0.2502818973830176
40 	 2 0.24714535041030616
41 	 2 0.2527322558283206
42 	 3 0.24357460992458982
43 	 1 0.23267100791069886
44 	 4 0.24240391250900806
45 	 3 0.24238024898687482
46 	 4 0.23344584032029575
47 	 1 0.23506126312415157
48 	 4 0.24128624959441192
49 	 1 0.2429555226222646
50 	 4 0.24404913159594405
