1 	 4 0.04314316320223966
2 	 3 0.06829774976289045
3 	 4 0.022047779178816198
4 	 2 0.058136511932140526
5 	 2 0.04459745557684427
6 	 2 0.05026501211418149
7 	 3 0.10263707719838482
8 	 1 0.09902933362004049
9 	 3 0.11102899092975703
10 	 1 0.07861235890382758
11 	 4 0.06440131548168762
12 	 1 0.1073937833843305
13 	 4 0.05149849249184096
14 	 2 0.06109292174206824
15 	 4 0.19867469224878564
16 	 3 0.0513917712929069
17 	 3 0.135757021799383
18 	 2 0.050376697957117036
19 	 2 0.14393786097998784
20 	 3 0.1096685581150937
21 	 3 0.01840804759454592
22 	 1 0.6825402110284217
23 	 3 0.06839269297573314
24 	 2 0.03268322023404669
25 	 4 0.06753774957952681
26 	 4 0.02021897181622133
27 	 3 0.03190027857002885
28 	 3 0.07199429238505614
29 	 2 0.03262276305527309
30 	 2 0.0269241766697998
31 	 2 0.08078776866957912
32 	 2 0.06355831128322005
33 	 2 0.054595149032705015
34 	 4 0.2644158012349643
35 	 3 0.029234210899420864
36 	 4 0.07344634453197267
37 	 2 0.023785692886107965
38 	 3 0.08639001897401662
39 	 3 0.17779391275291395
40 	 4 0.04069637927219533
41 	 4 0.06711278381157214
42 	 3 0.13235312614814712
43 	 2 0.1236350397337741
44 	 3 0.08629178082040241
45 	 1 0.4738236464591143
46 	 4 0.13108045216655606
47 	 3 0.5979351243438138
48 	 2 0.0707389449457194
49 	 3 0.05326753862505489
50 	 2 0.060787479810900914
