1 	 4 0.08176459036669852
2 	 2 0.08238764603470643
3 	 1 0.05659523678258893
4 	 3 0.05443964894127488
5 	 3 0.05523266459162804
6 	 3 0.04196478204946447
7 	 4 0.26669389246677505
8 	 4 0.03360197867703738
9 	 2 0.224128376813024
10 	 4 0.025487474452462987
11 	 2 0.026292508750960553
12 	 4 0.02247742748571928
13 	 4 0.12486046542592703
14 	 2 0.0274467815571065
15 	 2 0.029592759338730696
16 	 4 0.004108293429323598
17 	 2 0.2919243891258327
18 	 3 0.004887187876651199
19 	 1 0.020176900933300514
20 	 3 0.007943367203633278
21 	 3 0.0013444491040736416
22 	 1 0.21002976146706684
23 	 2 0.011431980108175066
24 	 1 0.012631122662248443
25 	 2 0.012640188989397774
26 	 4 0.002344044891563039
27 	 4 0.002403840553070084
28 	 4 0.02143500129113742
29 	 2 0.039360861453980586
30 	 2 0.026459993644390573
31 	 3 0.02728908077794717
32 	 1 0.023007790132765122
33 	 3 0.012796553275900839
34 	 1 0.05261693099963831
35 	 4 0.030106740681160975
36 	 2 0.03197396911295952
37 	 4 0.011871858861967085
38 	 4 0.03112670443131636
39 	 4 0.0014498425595196472
40 	 2 0.0350826607081799
41 	 2 0.06695298597163427
42 	 1 0.018976668236354032
43 	 2 0.053136431077931624
44 	 3 0.02384944514715216
45 	 1 0.040980176514498576
46 	 2 0.03820282893809203
47 	 4 0.04830742584483535
48 	 2 0.032378889879028094
49 	 1 0.08045908360101972
50 	 4 0.10127392468227359
