1 	 3 0.14525202903734696
2 	 1 0.1331093957223331
3 	 4 0.13400390072152765
4 	 3 0.13628650867825995
5 	 2 0.19630282223812404
6 	 4 0.16250421355957523
7 	 4 0.13434860922675437
8 	 2 0.17162150851132696
9 	 4 0.14770603097897161
10 	 2 0.14470309405312437
11 	 3 0.13266990600872533
12 	 4 0.13075288889352316
13 	 4 0.1313580313615905
14 	 1 0.14437708954608527
15 	 4 0.14099251422442838
16 	 4 0.1364069437203356
17 	 3 0.13339194559669146
18 	 4 0.1341091818603523
19 	 1 0.1983652244611772
20 	 1 0.1318212435918548
21 	 3 0.1340303209395934
22 	 1 0.14357030713011257
23 	 3 0.1303426572029979
24 	 1 10
25 	 1 10
26 	 4 0.13332599389285693
27 	 3 0.134163206195958
28 	 3 0.18984845399730757
29 	 4 0.1343668902460506
30 	 1 10
31 	 4 0.13472222189836858
32 	 3 0.16292200011128447
33 	 2 0.20809299599258022
34 	 3 0.20187339206479601
35 	 3 0.13045485448353716
36 	 3 0.1365607696936284
37 	 1 0.20316165724838045
38 	 2 0.13373138052170802
39 	 1 0.20253845322533878
40 	 2 0.19702472591450548
41 	 1 10
42 	 4 0.1765771450577526
43 	 4 0.2674197621664314
44 	 4 0.2742892030494928
45 	 1 10
46 	 3 0.17761360063613166
47 	 4 0.13269442481253357
48 	 4 0.2238121667619123
49 	 1 10
50 	 1 10
