1 	 1 0.09917977813666816
2 	 4 0.09894557723336073
3 	 4 0.09905102006864194
4 	 4 0.09674771584582662
5 	 3 0.09622388528499903
6 	 2 0.09592376156997974
7 	 1 0.09638750500069394
8 	 3 0.09587489497112058
9 	 1 0.0952086746842433
10 	 1 0.09540195583747674
11 	 2 0.0978265443950849
12 	 4 0.09487941562204036
13 	 1 0.5983303542518327
14 	 3 0.0997369333410643
15 	 3 0.09659360921035194
16 	 3 0.09512806811759288
17 	 1 0.09518333515775394
18 	 1 0.10296608323263141
19 	 1 0.10308891285057327
20 	 3 0.09618842815337138
21 	 1 0.1072709710150274
22 	 4 0.09511886127816133
23 	 3 0.10129621635153105
24 	 3 0.10519756856043407
25 	 4 0.11032763421289091
26 	 3 0.10710265287356706
27 	 4 0.11764653308905572
28 	 4 0.09568992764934652
29 	 3 0.10650866244201328
30 	 4 0.09599851830952182
31 	 2 0.11229963486949188
32 	 2 0.10291732538328491
33 	 4 0.09856766093423802
34 	 1 0.12121724593123454
35 	 4 0.11130501945999081
36 	 3 0.10148107454084943
37 	 4 0.12489967699981731
38 	 2 0.09946386124569788
39 	 1 0.10959654495959392
40 	 2 0.10794232436113384
41 	 1 0.12970580367159296
42 	 1 0.0963068965510101
43 	 3 0.10909941330874368
44 	 4 0.10327935627119891
45 	 4 0.10386194369076505
46 	 4 0.17244918469693435
47 	 4 0.12551392951414433
48 	 1 0.10084660186868688
49 	 4 0.1018315330100048
50 	 2 0.09835951703849478
