1 	 3 0.1624289483708984
2 	 2 0.1301923625932639
3 	 1 0.12209930127576095
4 	 3 0.11277132331460792
5 	 3 0.2880994322345633
6 	 2 0.12459336187680473
7 	 4 0.11360725393688441
8 	 1 0.1250535534409722
9 	 2 0.16741120732020268
10 	 2 0.14599800966670617
11 	 4 0.1517544409857247
12 	 3 0.15601110850928793
13 	 1 0.22234151445357858
14 	 2 0.12513175844049954
15 	 1 0.1382935726418186
16 	 4 0.17198268181271625
17 	 4 0.1125857578958914
18 	 3 0.5994740171875
19 	 1 0.1273687354541419
20 	 3 0.1275986499742678
21 	 3 0.13339717980456164
22 	 3 0.13121553969687932
23 	 4 0.13051035731114216
24 	 2 0.1429659231786694
25 	 3 0.11795623711226409
26 	 3 0.12306690173134004
27 	 2 0.1613323385239566
28 	 3 0.14401486964721763
29 	 4 0.3767205139597425
30 	 4 0.17446305449120267
31 	 4 0.13370700644910646
32 	 3 0.28026668288292467
33 	 1 0.24184548865696104
34 	 2 0.20640509122398984
35 	 3 0.15741011162525056
36 	 3 0.16690337280416903
37 	 4 0.14265832735769282
38 	 2 0.12146302769757351
39 	 2 0.18466475970625162
40 	 1 0.14867085656904136
41 	 4 0.3282292211679522
42 	 3 0.1545049240980464
43 	 2 0.4626803161425442
44 	 4 0.2954194321319947
45 	 1 0.133677331895375
46 	 3 0.13986853123984808
47 	 2 0.3132287164692349
48 	 2 0.11865254411941707
49 	 2 0.13858520367777225
50 	 4 0.22367546263409746
