1 	 1 0.25765265535526544
2 	 1 0.17057125101233944
3 	 1 0.3296394665557403
4 	 1 0.18987124197520933
5 	 4 0.19452833595955143
6 	 3 0.15214420556954864
7 	 1 0.1400763797965477
8 	 4 0.13951817918578127
9 	 2 0.135626709620773
10 	 4 0.1370055746828551
11 	 3 0.1189674741773971
12 	 1 0.13383006827173244
13 	 4 0.09490858668614764
14 	 1 0.0960396318384905
15 	 3 0.09376690089890748
16 	 4 0.3081342604030409
17 	 1 0.0955707078984182
18 	 1 0.10067516975993614
19 	 3 0.11849928310333417
20 	 1 0.14136207154207156
21 	 4 0.10019332067612839
22 	 3 0.1061170256705533
23 	 2 0.2133198948112255
24 	 1 0.11857776889090808
25 	 2 0.1283578481397038
26 	 3 0.10171762939874411
27 	 4 0.14270374429422808
28 	 3 0.19319531896743122
29 	 3 0.11326373567871667
30 	 1 0.16018103988991153
31 	 2 0.09888465072916651
32 	 4 0.09420341482342401
33 	 4 0.1413139432318491
34 	 3 0.12505576001425586
35 	 2 0.12191460081665242
36 	 2 0.13067695312168362
37 	 1 0.10770471414569313
38 	 1 0.17630989567449248
39 	 2 0.19624420603380377
40 	 4 0.09723648775755243
41 	 2 0.12150266895172251
42 	 2 0.39907048264094247
43 	 2 0.13271195674055447
44 	 1 0.15594053442631167
45 	 4 0.47547564519083796
46 	 2 0.08455264101676208
47 	 4 0.08239732093165082
48 	 3 0.08279249583531904
49 	 2 0.16171467662811917
50 	 1 0.12023323384357872
