1 	 4 0.14302456869390542
2 	 3 0.11046276458793397
3 	 1 0.1320704427935927
4 	 1 0.10526400994167448
5 	 3 0.10025375933813355
6 	 4 0.098689119334042
7 	 3 0.10119644514563253
8 	 1 0.09333845477479957
9 	 4 0.09203238824444486
10 	 4 0.09292524674715252
11 	 2 0.09113682487404401
12 	 4 0.08909310724004764
13 	 2 0.08956893973419695
14 	 3 0.09388312544966691
15 	 1 0.09019625295373103
16 	 4 0.09106417059103043
17 	 3 0.09091406852082162
18 	 1 0.08570757860624365
19 	 4 0.083908749187914
20 	 3 0.0855597894682172
21 	 3 0.0867645998377352
22 	 3 0.08398848996181994
23 	 4 0.08406464592792504
24 	 1 0.0819314115693175
25 	 2 0.14866833139646948
26 	 1 0.08308812448081992
27 	 1 0.08347050015232658
28 	 3 0.09387977871927497
29 	 4 0.08423143334766187
30 	 4 0.08457483892091709
31 	 3 0.08188548377670106
32 	 2 0.08232044132764858
33 	 1 0.08409374804465328
34 	 1 0.08455964709858484
35 	 4 0.08245312813438475
36 	 3 0.08538379097298442
37 	 3 0.08091126127595417
38 	 2 0.07953349455578262
39 	 2 0.08080499237995811
40 	 2 0.08059180422884739
41 	 1 0.08115088420200102
42 	 2 0.08267718399927218
43 	 3 0.08265605096900193
44 	 4 0.08188161623326695
45 	 4 0.08828249330114571
46 	 1 0.08175690336454251
47 	 2 0.0851708519294701
48 	 3 0.08197166284126596
49 	 4 0.08554467420940944
50 	 1 0.09192318915342577
