1 	 2 0.41279639609765517
2 	 4 0.4105853087019239
3 	 1 0.4108516660678046
4 	 4 0.3866833980630546
5 	 2 0.37894796463410435
6 	 4 0.3821804422670381
7 	 4 0.3773261362668501
8 	 1 0.6380674460533763
9 	 2 0.3594821915635344
10 	 2 0.3712420952627605
11 	 1 0.34374703254564265
12 	 1 0.33553265950938616
13 	 1 0.33746644703036816
14 	 4 0.2844369328816035
15 	 3 0.2832643043174715
16 	 2 0.28378868189584616
17 	 1 0.2682087797154605
18 	 3 0.4318846923949206
19 	 4 0.25839014257048176
20 	 3 0.2561639406510876
21 	 4 0.25808254586726254
22 	 1 0.25680726781351015
23 	 1 0.25009632361642575
24 	 3 0.33086173300268457
25 	 3 0.24246615706377758
26 	 3 0.3771056336557106
27 	 4 0.2381126124258998
28 	 1 0.24231978715550762
29 	 2 0.23599764511434768
30 	 4 0.2557143907980251
31 	 2 0.24222825826548472
32 	 3 0.24124118819817555
33 	 1 0.24150671567791396
34 	 3 0.23983346681450735
35 	 1 0.24366742520161502
36 	 1 0.24617340553395453
37 	 2 0.2421518179395346
38 	 3 0.25264065236430977
39 	 1 0.24203093621375624
40 	 4 0.24140193415734262
41 	 3 0.2400189381750715
42 	 2 0.24607789827325158
43 	 1 0.2533123682663728
44 	 3 0.24035144826566426
45 	 1 0.23742424111760424
46 	 4 0.24965055961683158
47 	 1 0.23894425122006716
48 	 1 0.23772842270937763
49 	 3 0.25092739659109337
50 	 2 0.24430844837527385
