1 	 2 0.2603395759723191
2 	 3 0.2495792099866151
3 	 2 0.24120896418925425
4 	 1 0.22383520308516794
5 	 1 0.2479234226552954
6 	 3 0.2614395986872909
7 	 2 0.15319724049138242
8 	 4 0.2513507148997481
9 	 1 0.15417770754535046
10 	 3 0.17907344907096076
11 	 1 0.15263159742900426
12 	 3 0.1466245360099939
13 	 1 0.14493177863174186
14 	 2 0.14622267251021834
15 	 4 0.20425181628901978
16 	 1 0.1446091829150637
17 	 1 0.14212763590164537
18 	 2 0.14336562790764545
19 	 2 0.13903572251089918
20 	 2 0.1392476418784377
21 	 3 0.14362783476258967
22 	 4 0.1421430239512063
23 	 4 0.13756345093897365
24 	 3 0.14448584955139207
25 	 1 0.14640929033232425
26 	 1 0.14443106133817657
27 	 2 0.14501663159693126
28 	 3 0.13954157819109814
29 	 2 0.14814408505593815
30 	 4 0.13862724784875496
31 	 4 0.22654567950700633
32 	 4 0.13880406815925683
33 	 1 0.1374524006208062
34 	 2 0.137037456476871
35 	 4 0.13502114947674285
36 	 1 0.1384222110450169
37 	 3 0.13504046825239233
38 	 3 0.1382093360889548
39 	 4 0.13236769529049514
40 	 1 0.13304896474943148
41 	 1 10
42 	 1 0.34226279008182026
43 	 1 0.31500820879800967
44 	 1 0.20852451568099395
45 	 4 0.14036163447528144
46 	 2 0.1472729878748041
47 	 2 0.2567515174132894
48 	 1 10
49 	 2 0.13375254219200017
50 	 2 0.26776689752135213
