1 	 2 0.193268038894251
2 	 3 0.18401463224713577
3 	 3 0.2149165005532151
4 	 2 0.1934178572696148
5 	 4 0.16586882499636427
6 	 2 0.1731522960016126
7 	 4 0.15442801100640682
8 	 3 0.1582264772855889
9 	 2 0.18345570065110775
10 	 1 0.14770940550306672
11 	 2 0.14826558917490562
12 	 2 0.13707518533232257
13 	 4 0.12857228064047865
14 	 4 0.1344485497935964
15 	 3 0.12589227706672948
16 	 1 0.18282889951388825
17 	 1 0.1927027536341525
18 	 3 0.136160934604809
19 	 4 0.11933403485593609
20 	 4 0.11326453569442226
21 	 2 0.11000145984658688
22 	 2 0.11012433790986938
23 	 4 0.12804099848064068
24 	 4 0.12113873490285294
25 	 4 0.11332032622568078
26 	 2 0.07274717787847026
27 	 2 0.15856532770139833
28 	 3 0.14730261684999438
29 	 2 0.07924870373089439
30 	 3 0.0749425381080783
31 	 1 0.07969963537052825
32 	 4 0.07430258701760709
33 	 3 0.08678373601586735
34 	 4 0.07384966680853619
35 	 3 0.07506432911818908
36 	 3 0.08838201237209521
37 	 3 0.07879238177489704
38 	 4 0.24502542171388006
39 	 2 0.08116166131856564
40 	 4 0.13944561825882254
41 	 4 0.21279362474801722
42 	 4 0.07769504450797056
43 	 1 0.06901900431753613
44 	 1 0.06687002236470256
45 	 3 0.06654629122675686
46 	 2 0.06532781867200031
47 	 3 0.06442038829696156
48 	 1 0.06589230862123559
49 	 2 0.07452587037789792
50 	 4 0.06773954621164008
