1 	 2 0.004149111989183406
2 	 4 0.008888056840927855
3 	 1 0.005412246154339611
4 	 2 0.011794149888357554
5 	 2 0.009580740073309666
6 	 3 0.009053149281862797
7 	 1 0.008640779217593592
8 	 3 0.011884259683649069
9 	 1 0.003058842807629612
10 	 3 0.0007618691700563254
11 	 4 0.0007493870345815372
12 	 3 0.0008812995739755905
13 	 3 0.0014935075302502248
14 	 3 0.007950669354373394
15 	 1 0.006360112936551234
16 	 4 0.03589126820542412
17 	 4 0.005970391417246804
18 	 2 0.0040927679421598005
19 	 3 0.008325250279256763
20 	 2 0.0044538398556238
21 	 2 0.00032006430134713106
22 	 2 0.0005337842303869486
23 	 1 0.0032228905803274735
24 	 2 0.006953493900946432
25 	 1 0.0010790446489221152
26 	 2 0.0018376856797402293
27 	 3 0.0017221045711941336
28 	 1 0.007087845498035556
29 	 1 0.008037087457828456
30 	 3 0.0140586086782891
31 	 1 0.013271853646556826
32 	 4 0.014577836834713767
33 	 3 0.02319670129451225
34 	 2 0.0038186392987457868
35 	 3 0.0017968429270725618
36 	 2 0.0021011291268885884
37 	 4 0.029501210739638198
38 	 2 0.0021376433748501195
39 	 2 0.0033584343215472055
40 	 1 0.002925281447022129
41 	 1 0.006003416889803547
42 	 3 0.002521816854559763
43 	 2 0.0028561885555092874
44 	 4 0.004472884162703301
45 	 3 0.0007417230520281009
46 	 3 0.007432968828655253
47 	 3 0.0037332369375081393
48 	 1 0.011945539746546505
49 	 2 0.010224541147049326
50 	 4 0.01946381258226369
