1 	 3 0.18308510121021562
2 	 4 0.13697819624665372
3 	 2 0.16941941272154484
4 	 2 0.14086668374548802
5 	 3 0.13967686869356255
6 	 1 0.1899281956912503
7 	 2 0.16331856516527532
8 	 4 0.18608318121270492
9 	 1 0.14103246272767114
10 	 1 0.19340299512843567
11 	 3 0.14452168691162284
12 	 3 0.19312294590358656
13 	 3 0.1312294899236638
14 	 2 0.18675921625892974
15 	 1 0.131444311780501
16 	 4 0.1364408786783209
17 	 3 0.1437222254552964
18 	 1 0.13656350995483413
19 	 3 0.18752759707901526
20 	 3 0.13680034986983164
21 	 4 0.15081592112406797
22 	 4 0.14169118054441274
23 	 4 0.15914478944498592
24 	 1 0.15011650415693537
25 	 4 0.17198217534913324
26 	 1 0.13965390941507172
27 	 1 0.13652316697808617
28 	 4 0.1898480398886005
29 	 3 0.15007049594820787
30 	 2 0.13938910103060836
31 	 1 0.22837307053244107
32 	 4 0.13497045180321615
33 	 3 0.14302061067262334
34 	 4 0.1744118962441451
35 	 3 0.2055026280734033
36 	 4 0.14455207921075044
37 	 3 0.15982382388778602
38 	 2 0.13288678854091637
39 	 4 0.2009050151644845
40 	 1 0.12243605661125488
41 	 2 0.13892402671599008
42 	 3 0.12151250390669642
43 	 3 0.12004653546027456
44 	 2 0.11984357588646617
45 	 4 0.12096029050837594
46 	 1 0.12247079353292628
47 	 1 0.12555495164500316
48 	 3 0.12447537853755519
49 	 1 0.1916996695228218
50 	 2 0.126786035288328
