1 	 2 0.18271108909333247
2 	 3 0.17910070558618757
3 	 1 0.1451678181308037
4 	 2 0.2581751103988409
5 	 2 0.14383864575973948
6 	 2 0.1435467807401604
7 	 2 0.1466196396378204
8 	 3 0.19296513097023238
9 	 4 0.14227668806281138
10 	 4 0.13947422168620857
11 	 2 0.1405214336955871
12 	 4 0.13860505737202233
13 	 1 0.13554325830520442
14 	 4 0.1332318173422454
15 	 2 0.13174175225166865
16 	 2 0.13518801106359724
17 	 3 0.14295508737985232
18 	 4 0.1252742802920968
19 	 2 0.12540545957218838
20 	 3 0.12862070811547743
21 	 4 0.14000071319540455
22 	 1 0.13043391697919846
23 	 4 0.12984215095782256
24 	 1 0.1283975114631336
25 	 3 0.12015380811633485
26 	 1 0.1223382773148056
27 	 3 0.13152693371752266
28 	 2 0.12279487240833564
29 	 1 0.1222907422759064
30 	 1 0.12317151352338389
31 	 2 0.1231490609018584
32 	 4 0.20777819201959408
33 	 4 0.1218626159736149
34 	 2 0.1905940805771101
35 	 3 0.1279020208589639
36 	 2 0.1260179909742919
37 	 2 0.22297141753824723
38 	 4 0.1254278224096327
39 	 1 0.19564630973521907
40 	 1 0.16843591056634077
41 	 1 10
42 	 3 0.14262776202166663
43 	 2 0.12522183999114778
44 	 3 0.12687871439756288
45 	 2 0.12488336570324406
46 	 1 0.12110760686889764
47 	 1 0.12330859578317069
48 	 1 0.14317017335619517
49 	 4 0.12312592267580079
50 	 1 0.12377543045850076
