1 	 1 0.06692761801321008
2 	 4 0.7955974579864209
3 	 2 0.05964073144953787
4 	 2 0.2875319482711447
5 	 1 0.14069121925720596
6 	 3 0.07238086696192465
7 	 4 0.16791929400316374
8 	 3 0.12643553139975455
9 	 4 0.06288035748923865
10 	 1 0.09302142931332885
11 	 3 0.12202907359013249
12 	 1 0.17361788515176596
13 	 2 0.12640424032243863
14 	 3 0.04189712363936282
15 	 4 0.06859492348393405
16 	 3 0.0740319748564943
17 	 2 0.03345445931597477
18 	 1 0.04638093203758503
19 	 1 0.10824292385195351
20 	 4 0.06871276386268829
21 	 2 0.07041768884834336
22 	 2 0.07264108204759773
23 	 4 0.15363854535572188
24 	 2 0.020265631004098374
25 	 4 0.020101340384291077
26 	 1 0.015185060776980161
27 	 4 0.015787604560464793
28 	 1 0.055575497660508545
29 	 1 0.09346503501147728
30 	 1 0.07220982715567724
31 	 3 0.12424899782203447
32 	 3 0.043673404418233565
33 	 3 0.027913584720562674
34 	 2 0.08149939110145728
35 	 4 0.10413875587977307
36 	 2 0.17377205466641052
37 	 4 0.34338055693866737
38 	 2 0.06621933351791816
39 	 4 0.08970499090812317
40 	 3 0.06842314024759416
41 	 2 0.13203497413990814
42 	 3 0.09294879570373767
43 	 2 0.0798766719212537
44 	 1 0.03054761249679708
45 	 2 0.17374675729310124
46 	 4 0.13295130833490648
47 	 4 0.13236059796147787
48 	 1 0.17302875737023543
49 	 2 0.14580378510361805
50 	 4 0.17207417314339515
