1 	 1 0.19287683478855402
2 	 3 0.465575353968227
3 	 3 0.18522828448509343
4 	 4 0.17977093774203481
5 	 1 0.22510584960711857
6 	 4 0.17753188931560623
7 	 4 0.3220884826160589
8 	 4 0.17918096080577106
9 	 3 0.17408797232808082
10 	 3 0.243648353229976
11 	 2 0.1723718509737924
12 	 3 0.4389383166976727
13 	 1 0.20436219164775857
14 	 1 0.21337034182475734
15 	 1 0.17177626365190762
16 	 3 0.44514456379508377
17 	 3 0.19129218047024965
18 	 2 0.18571174417319647
19 	 3 0.17224519983628547
20 	 3 0.1699946687494359
21 	 1 0.26395380374101646
22 	 4 0.17749659877184018
23 	 1 0.17769067419515594
24 	 1 0.18240699593750512
25 	 3 0.1831054227879934
26 	 2 0.18292578870773518
27 	 3 0.16533606429585646
28 	 3 0.16471476167803042
29 	 1 0.165476972457452
30 	 2 0.17106584843620687
31 	 4 0.17011608603364414
32 	 4 0.22320447512463168
33 	 2 0.18090335869064475
34 	 1 0.19706058636175802
35 	 1 0.16689669537536542
36 	 2 0.1721323575693876
37 	 2 0.20038338344465698
38 	 2 0.1824992967316102
39 	 2 0.19510676869720123
40 	 3 0.21375104701164657
41 	 4 0.18595196659437682
42 	 2 0.23197500788632314
43 	 4 0.20242970634276256
44 	 1 0.17103624646510063
45 	 1 0.21429052685255573
46 	 1 0.17214697802189036
47 	 4 0.17816599518089515
48 	 3 0.1847058885030966
49 	 4 0.1788630169212463
50 	 3 0.18361842094178854
