1 	 4 0.16100948832539194
2 	 2 0.1518150802242762
3 	 2 0.2208261539404065
4 	 2 0.1783637276557751
5 	 3 0.17191912347372937
6 	 2 0.17018960367444197
7 	 2 0.17710505585124217
8 	 3 0.15502897617890243
9 	 3 0.1611942354743672
10 	 1 0.315203220009299
11 	 4 0.14679013733699378
12 	 4 0.343077161946504
13 	 1 0.16185231592942434
14 	 4 0.16939614144482698
15 	 4 0.1623223269667852
16 	 2 0.14547224048334448
17 	 2 0.15798322997400166
18 	 3 0.15827887440266464
19 	 2 0.16824237413941828
20 	 3 0.15690272520820375
21 	 1 0.17257092927140244
22 	 3 0.15903626635569235
23 	 1 0.17108935324807797
24 	 1 0.1480459393924386
25 	 4 0.17196830576394442
26 	 3 0.15750776543309983
27 	 3 0.1626880168545791
28 	 2 0.15664385725744662
29 	 3 0.1587300881554309
30 	 4 0.13509247821540846
31 	 1 0.2605019529040647
32 	 3 0.15803054093428834
33 	 3 0.17380107357080324
34 	 3 0.15237356200537253
35 	 2 0.13026525769896857
36 	 1 0.13289229425340246
37 	 1 0.14394448366775628
38 	 1 0.1282286755507039
39 	 3 0.14039681239261426
40 	 1 0.1653765880923789
41 	 3 0.16694640155385104
42 	 4 0.13026214339244108
43 	 2 0.15986621744797622
44 	 1 0.17575952194334185
45 	 3 0.13926624107071292
46 	 1 0.15657818783449565
47 	 1 0.1484053210994192
48 	 2 0.15928140961938114
49 	 3 0.14063624637640626
50 	 2 0.1753686640000874
