1 	 3 0.039521746769326495
2 	 1 0.038581636429653794
3 	 2 0.032749820079963556
4 	 1 0.03597619880082542
5 	 3 0.1371838777847143
6 	 1 0.059379629342086
7 	 1 0.1412669893018316
8 	 3 0.07130005672080417
9 	 3 0.02699248011174968
10 	 1 0.03918007182883539
11 	 3 0.1354054729544403
12 	 1 0.197763683389281
13 	 1 0.13832730581676472
14 	 4 0.38340721543054024
15 	 4 0.1501793024213835
16 	 2 0.0872262910945231
17 	 2 0.7727441759848646
18 	 1 0.14139671251769406
19 	 4 0.04265294052883975
20 	 4 0.5805922662268566
21 	 3 0.14056600619126608
22 	 1 0.11478087582653453
23 	 2 0.0851346869785392
24 	 3 0.17257928501718098
25 	 4 0.036913777722982044
26 	 1 0.14552584127093476
27 	 2 0.13213756386903844
28 	 3 0.15140417793000774
29 	 2 0.14352680139451718
30 	 4 0.14517694693357744
31 	 3 0.03030897692233853
32 	 2 0.03262147592430336
33 	 2 0.020288555204011897
34 	 2 0.02071834122589124
35 	 2 0.04950898312674912
36 	 2 0.1424896137313691
37 	 4 0.0979216519709561
38 	 4 0.14040810077386118
39 	 4 0.08264802317163233
40 	 1 0.03735444408495702
41 	 3 0.1672195353543371
42 	 2 0.14364659832217178
43 	 4 0.23059371256226266
44 	 2 0.2684509734519543
45 	 4 0.16133893748460218
46 	 2 0.14049411653791935
47 	 3 0.7819394998741831
48 	 3 0.07442631602344507
49 	 4 0.6854124232466979
50 	 3 0.09178461906901403
