1 	 1 0.12619016109169784
2 	 3 0.13540356706053303
3 	 4 0.11621906470900581
4 	 4 0.17807172384750422
5 	 1 0.11862222868465938
6 	 1 0.12223568097248087
7 	 4 0.10262754325357311
8 	 2 0.1292973525208685
9 	 4 0.10385030470296061
10 	 3 0.10398143738656598
11 	 2 0.10610445464737067
12 	 3 0.1361329939423705
13 	 1 0.10555797320234625
14 	 1 0.10694948627126001
15 	 1 0.10856428442094311
16 	 2 0.10216947323434904
17 	 1 0.10375304654728491
18 	 4 0.10136488985261298
19 	 2 0.2104093735865507
20 	 4 0.10481259109582336
21 	 1 0.10748585527734161
22 	 4 0.1257030749768809
23 	 1 0.11907483732167673
24 	 1 0.10718992709992871
25 	 1 0.12650671584115622
26 	 2 0.11272521182859589
27 	 3 0.1052088746972752
28 	 4 0.10361383369125905
29 	 1 0.1073033162604562
30 	 1 0.10833720661517907
31 	 3 0.1283810390226298
32 	 3 0.10530790030613722
33 	 3 0.13347804397957652
34 	 4 0.10280822776437819
35 	 3 0.13241028493757914
36 	 3 0.1304961781557516
37 	 1 0.09730320767349569
38 	 1 0.12539795832571418
39 	 2 0.10439871281385307
40 	 4 0.11029123769309127
41 	 1 0.10261458808528473
42 	 2 0.10159234065915967
43 	 2 0.14043245763137105
44 	 2 0.1076166615399305
45 	 4 0.12507667090524854
46 	 4 0.13300767605194802
47 	 2 0.10346190527935265
48 	 1 0.13318179456144058
49 	 3 0.10211808466149296
50 	 4 0.10778161957481758
