1 	 1 0.22287289798270948
2 	 4 0.21292991730569238
3 	 1 0.2715553336316343
4 	 2 0.2028585786343757
5 	 3 0.3641172584670154
6 	 2 0.2056335028736831
7 	 3 0.24638626679731718
8 	 4 0.20575984225855307
9 	 2 0.19759485848776964
10 	 4 0.3478632748537345
11 	 4 0.20296587810917893
12 	 3 0.18583725321484823
13 	 1 0.26762496775028305
14 	 3 0.17672605808662054
15 	 2 0.1704371846284196
16 	 4 0.18882536720313114
17 	 4 0.20357596356795346
18 	 3 0.1620798027785822
19 	 1 0.16346328936461857
20 	 3 0.2091337882003903
21 	 4 0.23174733649371676
22 	 2 0.1845479170651937
23 	 4 0.1985308411056124
24 	 3 0.2085208251741469
25 	 2 0.18285815733459737
26 	 3 0.20975637668714828
27 	 3 0.19880096600779354
28 	 2 0.22773520086406582
29 	 2 0.20019353270785026
30 	 3 0.2204944472229039
31 	 2 0.24723391022457467
32 	 2 0.20163978633725363
33 	 4 0.1633247521353016
34 	 2 0.25929039564329176
35 	 3 0.2524441089255438
36 	 3 0.2974518472627398
37 	 4 0.21763809873465384
38 	 4 0.189121448241218
39 	 1 0.2465795923897778
40 	 1 0.1789219138475702
41 	 4 0.24376644269987496
42 	 3 0.23091804758732332
43 	 4 0.29263859813643867
44 	 3 0.1986697007940191
45 	 4 0.1696952875240951
46 	 1 0.16024136371519504
47 	 4 0.16382158311312248
48 	 3 0.1928411262791346
49 	 2 0.17610856267962288
50 	 2 0.17798391021884208
