1 	 1 0.12778313026947333
2 	 4 0.17530067058366502
3 	 2 0.13828544520558428
4 	 2 0.1446200207229475
5 	 1 0.14374428435767014
6 	 4 0.11883919660156735
7 	 3 0.15676757821438655
8 	 4 0.10896181133366632
9 	 2 0.1154131501067308
10 	 4 0.09529727555986858
11 	 4 0.0942633242680625
12 	 3 0.09448272782724937
13 	 1 0.13333120346753194
14 	 4 0.10993399084170462
15 	 3 0.0948876722630264
16 	 1 0.09994900395689149
17 	 3 0.0970583034517898
18 	 3 0.11022545299327718
19 	 1 0.10878983488673327
20 	 3 0.2611682685095139
21 	 1 0.10790143159917313
22 	 1 0.16715831149451418
23 	 3 0.1733253200748081
24 	 4 0.1473634699127633
25 	 4 0.15056552675824592
26 	 3 0.1533358314273716
27 	 1 0.11278397658504287
28 	 2 0.14161211835246462
29 	 1 0.16655398958451106
30 	 3 0.14615838765889408
31 	 1 0.15773351349753198
32 	 
33 	 3 0.09464635230122448
34 	 1 0.15293646933846428
35 	 4 0.13740494028906683
36 	 2 0.09443561302350985
37 	 3 0.13043998551994718
38 	 3 0.1196571216066682
39 	 3 0.1570528429614199
40 	 2 0.14817647278943943
41 	 4 0.1347311234314446
42 	 3 0.1412305262926674
43 	 4 0.25099267799169434
44 	 2 0.11579329441088881
45 	 3 0.1483369551420083
46 	 1 0.13404162049533141
47 	 4 0.197605831680051
48 	 1 0.1063351725416539
49 	 3 0.14463127447141352
50 	 3 0.1416309889457614
