1 	 2 0.1816785270540735
2 	 4 0.18216934512423943
3 	 2 0.1848911762050686
4 	 3 0.18140678271652252
5 	 2 0.17654646989795322
6 	 1 0.18417310198858405
7 	 3 0.17963268231985874
8 	 4 0.16478400508136168
9 	 1 0.18420281200967945
10 	 3 0.18634215915265714
11 	 2 0.1821147384425186
12 	 4 0.1863740853527792
13 	 2 0.1850019419693241
14 	 1 0.16708644220087093
15 	 4 0.17662187121523756
16 	 2 0.18036947626059338
17 	 2 0.16304970491145193
18 	 2 0.1778250120708304
19 	 2 0.1257060929004671
20 	 4 0.12007487247288773
21 	 2 0.12208146905405243
22 	 3 0.20242413417403549
23 	 3 0.16904155807247775
24 	 1 0.1335700673885213
25 	 3 0.12436345772924123
26 	 4 0.19859713359023037
27 	 3 0.1908340162851154
28 	 3 0.16465889394305752
29 	 3 0.18321506713359023
30 	 3 0.19425855839510847
31 	 2 0.19165708728963554
32 	 4 0.17781609405376403
33 	 1 0.16622245082695672
34 	 2 0.19132239982029886
35 	 3 0.12385742143018535
36 	 3 0.13181934522579142
37 	 1 0.14040320340828247
38 	 1 0.18546414753982107
39 	 1 0.16441785730589914
40 	 2 0.14405683223537888
41 	 4 0.18372137118581194
42 	 3 0.19196016944490238
43 	 2 0.19416121182121737
44 	 3 0.18091084427644707
45 	 4 0.18546280604646562
46 	 2 0.22431962133412003
47 	 3 0.1504292662378876
48 	 1 0.1283863412760856
49 	 3 0.1124971508602844
50 	 2 0.09090050590212592
