1 	 4 0.04240644791924296
2 	 1 0.04101530524686695
3 	 4 0.041742226401793814
4 	 1 0.035395900602935314
5 	 3 0.029827009720707863
6 	 2 0.030594188289079633
7 	 1 0.022431645605565435
8 	 1 0.16981076120441954
9 	 2 0.014408409470061731
10 	 2 0.013204473312852683
11 	 2 0.014607762269295886
12 	 1 0.015074338319906056
13 	 2 0.015103802383123612
14 	 1 0.013752551329393965
15 	 2 0.026297853176915794
16 	 2 0.009318453902350804
17 	 1 0.004220234045105737
18 	 1 0.009824683826798927
19 	 3 0.00589113605721935
20 	 4 0.011037359500276542
21 	 4 0.003651849826996963
22 	 3 0.003698530260654525
23 	 1 0.012299710385442112
24 	 3 0.013504933311665687
25 	 2 0.0060245277338641275
26 	 2 0.0022118047814998236
27 	 4 0.698006433786927
28 	 3 0.02793763788627971
29 	 3 0.004683924206087788
30 	 1 0.024076864036621827
31 	 4 0.005942572225060935
32 	 1 0.02563975045376243
33 	 3 0.007956871242412608
34 	 2 0.0027342062455741915
35 	 2 0.02418960964643299
36 	 4 0.018782506815967413
37 	 3 0.019890673423336502
38 	 4 0.012649750166284708
39 	 4 0.012010891929359922
40 	 3 0.01324406367645831
41 	 4 0.016381108430530783
42 	 2 0.0162321427405458
43 	 1 0.018524027482107984
44 	 1 0.023823458280721015
45 	 3 0.00741274446741997
46 	 2 0.029156165904102898
47 	 4 0.019785597645442445
48 	 4 0.039540621826362796
49 	 1 0.015774735045582643
50 	 4 0.029384952610367426
