1 	 2 0.06694327618328394
2 	 3 0.06493835025318861
3 	 2 0.0639867690907073
4 	 2 0.06485800285213332
5 	 2 0.06748870396278799
6 	 1 0.06227491868298765
7 	 3 0.05975895241182106
8 	 2 0.06139784703325844
9 	 3 0.05756397837342986
10 	 1 0.05128962337118987
11 	 2 0.05361167087475072
12 	 1 0.05485536058699457
13 	 2 0.05652923352027549
14 	 3 0.04407995707470361
15 	 4 0.04102711459806988
16 	 3 0.036636953040697244
17 	 4 0.040545383200365714
18 	 2 0.04151963458243391
19 	 4 0.039785135233523033
20 	 3 0.03851995027665425
21 	 4 0.03925305509169647
22 	 3 0.03834728861918721
23 	 1 0.03986423077648552
24 	 1 0.03298829648440805
25 	 1 0.0318674499413764
26 	 1 0.03462614316426971
27 	 1 0.0288715629637473
28 	 4 0.030444561332860665
29 	 1 0.03276113424582811
30 	 2 0.028680901324161522
31 	 2 0.030152256297029167
32 	 4 0.028531923284151935
33 	 3 0.023943122540937008
34 	 4 0.026050968585708847
35 	 2 0.023769783686776152
36 	 4 0.020702134430750568
37 	 1 0.019336333322767355
38 	 4 0.021904908353531597
39 	 1 0.020442452450276292
40 	 3 0.02047697551332965
41 	 3 0.021427172285115835
42 	 1 0.02107152057592746
43 	 3 0.015946514658798993
44 	 3 0.018219591460677163
45 	 4 0.018144737485830467
46 	 2 0.01743484751004733
47 	 2 0.02056275019005422
48 	 4 0.020188382010527514
49 	 3 0.015525778920314903
50 	 4 0.018039697845998164
