1 	 2 0.04793863445964653
2 	 2 0.049697904318470654
3 	 4 0.047631887161665186
4 	 2 0.627132115507343
5 	 3 0.04885173408568502
6 	 2 0.04818586532165388
7 	 4 0.048636773668841456
8 	 4 0.0502295127508867
9 	 1 0.04884518493401904
10 	 1 0.04697698718476443
11 	 3 0.6253234869726575
12 	 1 0.04705452091936146
13 	 3 0.04700952671686193
14 	 3 0.047843173280162014
15 	 2 0.05038389430894702
16 	 1 0.04774856786407681
17 	 2 0.04746741572312595
18 	 1 0.04733917856920213
19 	 3 0.04898946992171976
20 	 3 0.04698342923998149
21 	 1 0.047475654847523245
22 	 3 0.05252382154454254
23 	 1 0.047660612782130816
24 	 1 0.05038666547401735
25 	 3 0.04870314417291344
26 	 4 0.05128396139031469
27 	 1 0.04921800978211646
28 	 4 0.0481919647186464
29 	 2 0.048076558568695145
30 	 2 0.0479162511656852
31 	 2 0.04719860437559307
32 	 3 0.050076683636081386
33 	 2 0.04747008553283533
34 	 2 0.0661046875231977
35 	 4 0.04837651082026915
36 	 2 0.05106986331228645
37 	 3 0.05035626383789987
38 	 2 0.04903551600000129
39 	 1 0.047907241389140764
40 	 3 0.052413342214797744
41 	 2 0.06782208085279762
42 	 3 0.047435721396962206
43 	 4 0.04776261518750935
44 	 1 0.06620691729117087
45 	 1 0.04821888447452326
46 	 3 0.05147892791029321
47 	 3 0.04828602577080153
48 	 2 0.04810385451496545
49 	 3 0.05422492748900979
50 	 2 0.04708272284672786
