1 	 2 0.07103546725865678
2 	 2 0.289473205547327
3 	 1 0.08586589153430066
4 	 1 0.037559445236322556
5 	 4 0.03456473380193852
6 	 3 0.03367143293559496
7 	 4 0.03525631869852642
8 	 2 0.03285918031472633
9 	 2 0.032591061410032575
10 	 3 0.03313874202541017
11 	 4 0.024386862249209492
12 	 3 0.17128090947566488
13 	 3 0.007246147146011532
14 	 1 0.45167447432892394
15 	 2 0.015986669392214357
16 	 4 0.018894819712721153
17 	 1 0.009651621562009811
18 	 3 0.025077869681876183
19 	 2 0.025152189658855528
20 	 2 0.01254821888612205
21 	 2 0.019675490634211885
22 	 2 0.004256869867754243
23 	 3 0.11758047434396841
24 	 2 0.023614099326070757
25 	 1 0.02862925899353558
26 	 2 0.020242166461643393
27 	 4 0.018650141317169383
28 	 1 0.02654966785972776
29 	 4 0.037336147594909434
30 	 1 0.04992281584317087
31 	 3 0.043272605515317
32 	 3 0.04351514265980422
33 	 4 0.06912486335637973
34 	 2 0.06897893852971888
35 	 4 0.031052084362373264
36 	 4 0.0916959404814573
37 	 2 0.0054072594983747635
38 	 2 0.05511085344019128
39 	 3 0.011758438985250058
40 	 4 0.049562154644027495
41 	 2 0.10686491683407504
42 	 2 0.09661710864709998
43 	 3 0.07070830842882503
44 	 3 0.017757633429419203
45 	 2 0.10063393310874548
46 	 2 0.059322389333506274
47 	 1 0.0325793206939223
48 	 3 0.07719668811565071
49 	 4 0.0359206119372163
50 	 3 0.05072531167049636
