1 	 2 0.21666593705385548
2 	 3 0.22513086074543548
3 	 1 0.14078353297196275
4 	 2 0.17728854676429323
5 	 2 0.1302115996567568
6 	 1 0.14373298620921915
7 	 4 0.16595649127708628
8 	 2 0.13422783073870861
9 	 3 0.14856586566989602
10 	 3 0.12273723760158717
11 	 1 0.40280213955306443
12 	 4 0.17740701557880556
13 	 3 0.20196424320984477
14 	 3 0.1473082784831051
15 	 2 0.13813823981376158
16 	 1 0.11515174371730069
17 	 4 0.08961636503329215
18 	 3 0.09184454733684023
19 	 3 0.12420885526372236
20 	 2 0.13203803552248614
21 	 4 0.11702572114015387
22 	 2 0.09444728097638763
23 	 3 0.1820922751989955
24 	 1 0.22502375573422748
25 	 1 0.0863094639076445
26 	 3 0.08316212781717613
27 	 3 0.08376030483280333
28 	 2 0.08010200590039016
29 	 2 0.20907359270114528
30 	 4 0.12595761039410916
31 	 4 0.1257339518911264
32 	 3 0.22761031799803313
33 	 2 0.23896826714254615
34 	 2 0.1571554668782993
35 	 4 0.15235675062235587
36 	 1 0.07200711705407364
37 	 1 0.14338084570108464
38 	 1 0.13725293597892915
39 	 2 0.13909597226443418
40 	 4 0.10742432213429634
41 	 4 0.15815323765579065
42 	 4 0.217126476669794
43 	 3 0.10269461865861261
44 	 3 0.10744098537379673
45 	 2 0.22317691153213215
46 	 2 0.22329871035410037
47 	 2 0.10847321785803582
48 	 2 0.09081901749155111
49 	 3 0.22214379512895763
50 	 4 0.06708602356433258
