1 	 4 0.07644453645932132
2 	 2 0.07547106990230269
3 	 1 0.07515180273206623
4 	 1 0.0782945469051467
5 	 2 0.13843484143454718
6 	 3 0.06491725659539917
7 	 3 0.06436508216948089
8 	 4 0.06345859868037441
9 	 1 0.06509287650823595
10 	 1 0.12242536060530577
11 	 4 0.06347420708561459
12 	 4 0.15285383290600565
13 	 4 0.0689675070978862
14 	 1 0.0695179780927014
15 	 1 0.16472030729263032
16 	 1 0.0632276656960732
17 	 1 0.1778391550655687
18 	 4 0.10524222771728335
19 	 1 0.05999500175375441
20 	 4 0.2313776270041057
21 	 2 0.07150363181929875
22 	 2 0.09486896973864128
23 	 2 0.12234661833852356
24 	 4 0.07313948302791554
25 	 2 0.12163239907419869
26 	 4 0.06377129435759007
27 	 2 0.0594496713090256
28 	 4 0.05860125157115125
29 	 4 0.059963386886545976
30 	 2 0.11982704326810395
31 	 4 0.23248499551754312
32 	 3 0.13902836339403438
33 	 3 0.12026779999832544
34 	 3 0.0781624239308587
35 	 2 0.2011361998845361
36 	 3 0.5102326644986385
37 	 1 0.0895953584104187
38 	 3 0.08975236522994816
39 	 4 0.2377407180421799
40 	 2 0.20412821049097143
41 	 1 0.23354618607646918
42 	 2 0.06280453427513981
43 	 3 0.2614193532102556
44 	 4 0.11935840220029158
45 	 2 0.06266425152405374
46 	 4 0.22005757728032316
47 	 3 0.13835344332451044
48 	 4 0.06419869695373065
49 	 2 0.4791335463671922
50 	 4 0.12902795024554797
