1 	 4 0.05398639461544052
2 	 1 0.04604141706618877
3 	 2 0.04967467654325705
4 	 1 0.032867198607854406
5 	 1 0.0586897266364284
6 	 2 0.10643581376713325
7 	 1 0.04173203769665302
8 	 1 0.020492529920349088
9 	 4 0.6973924704446888
10 	 2 0.17154843913462134
11 	 2 0.0721995973027816
12 	 4 0.14026722672783198
13 	 2 0.06848239564800773
14 	 1 0.5119818658701962
15 	 2 0.09294019501616173
16 	 2 0.03434040317399413
17 	 2 0.1393519350496677
18 	 4 0.14142825292438496
19 	 3 0.1360103096893146
20 	 3 0.08013879057147215
21 	 3 0.01461306596054925
22 	 4 0.08076203471186984
23 	 2 0.03615616579250284
24 	 4 0.052497864748265816
25 	 1 0.04947709956885583
26 	 2 0.13542712854084776
27 	 4 0.07749454319630353
28 	 3 0.01606867984698861
29 	 4 0.0116833077724539
30 	 4 0.6715884761779781
31 	 3 0.023852982378142658
32 	 3 0.041717401085130286
33 	 3 0.11076624830977762
34 	 4 0.02179625808670331
35 	 4 0.026714532805706268
36 	 1 0.07180368103313203
37 	 4 0.11218787251049718
38 	 4 0.13474184828265295
39 	 2 0.10840983252307587
40 	 4 0.08968288762780022
41 	 4 0.13332785585352264
42 	 1 0.6046690895335325
43 	 4 0.0875437413662358
44 	 2 0.04545270046680725
45 	 1 0.05834647895354669
46 	 4 0.6264519222551611
47 	 1 0.14855904721746835
48 	 2 0.14272000059894502
49 	 4 0.03299048804999721
50 	 3 0.1930577774234589
