1 	 1 0.1600151601760292
2 	 4 0.18475875880833373
3 	 2 0.15335039745220314
4 	 4 0.1527620924159653
5 	 1 0.15504015949797667
6 	 3 0.1681754552207399
7 	 4 0.1634747253640824
8 	 2 0.17479906798996722
9 	 3 0.21257247887887182
10 	 2 0.18353342496702033
11 	 4 0.1643326975909691
12 	 2 0.1703315690081124
13 	 4 0.18053603441655833
14 	 1 0.1581820259807182
15 	 3 0.15148607879349582
16 	 1 0.287925279187552
17 	 4 0.15366058388580592
18 	 4 0.15102259515522215
19 	 3 0.2998442521664844
20 	 1 0.1447934184627827
21 	 2 0.1945079074316717
22 	 4 0.15835735627740163
23 	 3 0.15618378744080494
24 	 3 0.14907528610017842
25 	 4 0.15832889142388895
26 	 1 0.14943604115325876
27 	 3 0.1779871274927439
28 	 2 0.1488557820155267
29 	 1 0.14414243370946198
30 	 3 0.2855557319246495
31 	 3 0.21953623508039002
32 	 3 0.16948126478945935
33 	 2 0.18085133957748784
34 	 2 0.13571958587233435
35 	 1 0.13267168698752954
36 	 2 0.13312926754025559
37 	 2 0.2311376810083863
38 	 2 0.14679427733804182
39 	 4 0.14634607833446928
40 	 3 0.15804172479239134
41 	 1 0.14858905689879728
42 	 4 0.13930138788088045
43 	 2 0.17045410855671717
44 	 1 0.16399832685482302
45 	 4 0.14538094300300308
46 	 4 0.24436890490958513
47 	 1 0.16508348556872932
48 	 2 0.16059762125722818
49 	 3 0.23487183257112265
50 	 3 0.14362770568814862
