1 	 4 0.29606311488297227
2 	 1 0.2829006214664854
3 	 3 0.28276944218676
4 	 1 0.2847722969828129
5 	 4 0.253919403992956
6 	 1 0.2515306980768888
7 	 2 0.2537188368023716
8 	 2 0.21547252047303062
9 	 1 0.21508498824694355
10 	 2 0.5918789436399133
11 	 1 0.21061297329105053
12 	 4 0.27475221450549675
13 	 4 0.19532537117361495
14 	 3 0.19567904143528117
15 	 1 0.18239674718360976
16 	 4 0.19501446537747488
17 	 4 0.18390772299772154
18 	 2 0.17677353399570564
19 	 1 0.4835463496051145
20 	 4 0.1764303043860299
21 	 1 0.3676972639595843
22 	 1 0.1735419409118886
23 	 3 0.1731964357749137
24 	 1 0.17279330052057734
25 	 1 0.17263911440414068
26 	 2 0.17288543100998277
27 	 1 0.17205550937610448
28 	 1 0.17377057551353353
29 	 1 0.17640279121996535
30 	 4 0.17758633764822987
31 	 2 0.1663959349043867
32 	 4 0.43087440179149994
33 	 1 0.1674971754645066
34 	 2 0.1709257486233378
35 	 2 0.1658733893903159
36 	 1 0.4630718788826992
37 	 2 0.16489950562311037
38 	 3 0.1656098244735613
39 	 2 0.1649634817674614
40 	 1 0.16555937681955427
41 	 1 0.16664238550902877
42 	 3 0.16681708573602808
43 	 2 0.16986806262952683
44 	 2 0.17201417065146177
45 	 3 0.1694725725359047
46 	 4 0.1688642831941364
47 	 3 0.16697692552997653
48 	 3 0.19123457676638406
49 	 4 0.17384137828549837
50 	 3 0.1696372768075201
