1 	 2 0.08377685022392131
2 	 2 0.03431881773437888
3 	 2 0.036238877963584534
4 	 3 0.01921726146567193
5 	 4 0.01722356657286817
6 	 4 0.009699838693231546
7 	 4 0.014156550730246166
8 	 3 0.006556268020258909
9 	 4 0.058640059324866746
10 	 4 0.08218874629150794
11 	 4 0.08093486027680258
12 	 2 0.07412742548194451
13 	 4 0.07885771590815363
14 	 2 0.05761022287019001
15 	 4 0.0670998863001051
16 	 1 0.07699307464138817
17 	 3 0.06997187283943558
18 	 2 0.08336941563677841
19 	 3 0.7921864478205686
20 	 2 0.070335893224571
21 	 1 0.7489005011211123
22 	 2 0.8067879545608861
23 	 2 0.05488241468904696
24 	 3 0.08142976799413904
25 	 4 0.03670086736993516
26 	 1 0.08234952046469114
27 	 1 0.023208690483567593
28 	 1 0.029150992637203603
29 	 2 0.08881922902615705
30 	 3 0.08282715417290681
31 	 3 0.07484838476011005
32 	 4 0.06685143004679024
33 	 4 0.053746079312304615
34 	 3 0.07813923656504271
35 	 4 0.061436549727276364
36 	 4 0.08121889875802746
37 	 3 0.08223707405917109
38 	 3 0.048054966408847315
39 	 3 0.09481700869479254
40 	 1 0.08094979555229241
41 	 2 0.007062387172615019
42 	 3 0.13816988336972083
43 	 1 0.082271338023462
44 	 2 0.023380146777806497
45 	 3 0.05969885181371763
46 	 3 0.06708299581253536
47 	 4 0.3920928139813692
48 	 4 0.08249486827902362
49 	 4 0.07909118143346382
50 	 4 0.11103469658861718
