1 	 2 0.24416014730572813
2 	 3 0.24540049882002196
3 	 4 0.17965378715359925
4 	 3 0.2134004354527303
5 	 1 0.1580236761861903
6 	 2 0.17272956644338508
7 	 1 0.13619404401882546
8 	 2 0.1348440384905999
9 	 1 0.13241182535383458
10 	 1 0.13482806589009277
11 	 4 0.15618978982278872
12 	 1 0.13794175709887843
13 	 2 0.1765681889460156
14 	 1 0.21238768782029588
15 	 1 0.13162343080618527
16 	 3 0.35625504141412445
17 	 3 0.1317390770967857
18 	 4 0.21960970895270127
19 	 4 0.13963351352979775
20 	 4 0.21410770922084346
21 	 2 0.2356424655304036
22 	 2 0.12116386801147624
23 	 4 0.12583390334017228
24 	 1 0.1304325682142668
25 	 1 0.12071444757500295
26 	 1 0.3735025875023865
27 	 4 0.12067652351021478
28 	 1 0.11935951153706682
29 	 1 0.11845040360306941
30 	 3 0.12058396501937278
31 	 1 0.1115148957918937
32 	 2 0.10849899148399147
33 	 1 0.11223917115746544
34 	 3 0.10563439204562938
35 	 2 0.2701793551838788
36 	 4 0.11078401171841552
37 	 2 0.10760073863490655
38 	 1 0.11903176100130798
39 	 2 0.1140883141146272
40 	 3 0.29273187711995
41 	 3 0.12067879236745481
42 	 2 0.12539278245294724
43 	 2 0.11083054373474846
44 	 4 0.12335347981259713
45 	 4 0.19816889570264443
46 	 3 0.21493943256344605
47 	 2 0.24448922330620448
48 	 4 0.10690452800077711
49 	 4 0.22904554700021063
50 	 3 0.12989667839807004
