1 	 2 0.22289188331918988
2 	 3 0.38162905317565976
3 	 1 0.2188634635044322
4 	 1 0.2077083804652506
5 	 2 0.17355625336278482
6 	 2 0.3732040614757267
7 	 3 0.159553865538869
8 	 3 0.15594799303992135
9 	 4 0.15770669518887012
10 	 4 0.1641256065121774
11 	 1 0.16738028870076527
12 	 2 0.15534000545999288
13 	 2 0.15270678047326852
14 	 1 0.14481338921975984
15 	 3 0.14963234504971043
16 	 4 0.14462667051495312
17 	 2 0.16895249667876522
18 	 4 0.14619873735375333
19 	 2 0.14492201756037232
20 	 1 0.14642457556660568
21 	 1 0.1460762393159302
22 	 4 0.14957145818383719
23 	 4 0.14323144430039503
24 	 1 0.1570645326287466
25 	 1 0.16069034790789005
26 	 1 0.14324885804960438
27 	 1 0.1443575958475902
28 	 4 0.14021753224700864
29 	 4 0.1397009974052643
30 	 2 0.13913708559897586
31 	 1 0.1414713529850309
32 	 2 0.14501466736241497
33 	 3 0.1451659581934882
34 	 3 0.15420247153370936
35 	 3 0.141613445688147
36 	 4 0.1424071593317162
37 	 2 0.14090934451313825
38 	 3 0.14324420866913387
39 	 2 0.14654857878444782
40 	 3 0.1461779842910221
41 	 4 0.14683723532483695
42 	 4 0.14257915758779985
43 	 1 0.1511412322521614
44 	 3 0.1394621924879092
45 	 2 0.15744095661651208
46 	 4 0.14316466876784567
47 	 4 0.15549536297635896
48 	 2 0.14942014342241303
49 	 1 0.15890139526248898
50 	 3 0.1436872496536475
