1 	 3 0.2215183168755378
2 	 1 0.2204168958218578
3 	 3 0.21955579734405792
4 	 2 0.22071479243205497
5 	 2 0.22058589091056569
6 	 1 0.22508652991751596
7 	 2 0.2319615128677796
8 	 4 0.21950611824984295
9 	 4 0.21897696021308877
10 	 4 0.22163618044518382
11 	 2 0.17368566898468948
12 	 1 0.582648296746429
13 	 4 0.17506321682869166
14 	 1 0.16996745992416687
15 	 2 0.17661731389631005
16 	 2 0.14544328960590172
17 	 1 0.29775606233446
18 	 4 0.15414930068220056
19 	 1 0.14631226194902253
20 	 1 0.17364976957805406
21 	 2 0.16686791861644973
22 	 3 0.13804846760315478
23 	 4 0.14988061085704757
24 	 3 0.1779358410697895
25 	 3 0.1318141072859122
26 	 4 0.13758287020376764
27 	 1 0.14025251420687096
28 	 3 0.20136850079336238
29 	 3 0.14624873383819212
30 	 2 0.13565742876673095
31 	 4 0.14010190230570949
32 	 1 0.14382652739360377
33 	 3 0.13618767392690934
34 	 1 0.13704282886054014
35 	 4 0.13829789608309004
36 	 4 0.13907052555462426
37 	 4 0.20596100467897757
38 	 1 0.14359778170398146
39 	 4 0.1370029177300345
40 	 1 0.4912384237301035
41 	 1 0.1513354018963241
42 	 3 0.1617294944971447
43 	 4 0.13728739597672673
44 	 2 0.1311904256579186
45 	 2 0.16758112693615052
46 	 1 0.13754168641476072
47 	 4 0.16181128202340136
48 	 4 0.13560053994035703
49 	 4 0.13454412608063168
50 	 4 0.13747060897641614
