1 	 3 0.06079964739479176
2 	 3 0.0511792731565199
3 	 2 0.10418036545232662
4 	 2 0.051123233665259504
5 	 2 0.04759524241161969
6 	 2 0.1209499256531294
7 	 1 0.04727676272168328
8 	 3 0.23555692656080066
9 	 4 0.08211564237311342
10 	 2 0.04970689898743856
11 	 3 0.06710126092022098
12 	 1 0.0488419004122185
13 	 2 0.07529189452381449
14 	 3 0.06501032751635502
15 	 4 0.06623386741971776
16 	 3 0.5538714850577494
17 	 1 0.12515026393349563
18 	 2 0.06652689278625731
19 	 2 0.08139030710112373
20 	 1 0.0629659599072422
21 	 2 0.07630642281221274
22 	 3 0.31109092959867524
23 	 3 0.07137462954234845
24 	 2 0.09323515352667358
25 	 2 0.07355232101780212
26 	 2 0.31527512395975177
27 	 3 0.10716182627723922
28 	 3 0.2183865880338312
29 	 3 0.06120879087167624
30 	 4 0.11180200864630237
31 	 1 0.35293389117393736
32 	 3 0.05012263522725657
33 	 3 0.09480064758318134
34 	 1 0.5544369281027693
35 	 3 0.05148497322123094
36 	 4 0.17025190483151087
37 	 1 0.04712695096018977
38 	 1 0.04686752638866258
39 	 1 0.04712081186576824
40 	 3 0.05983130601666539
41 	 2 0.059807791665064974
42 	 2 0.0574041539937939
43 	 3 0.07335304959351706
44 	 2 0.05848114681307756
45 	 1 0.0776884271329117
46 	 3 0.20580070592575034
47 	 4 0.1275851285135561
48 	 1 0.04866555907319212
49 	 2 0.058260556342170464
50 	 2 0.05643850532955051
