1 	 2 0.1338020123220187
2 	 3 0.1248479503868805
3 	 2 0.12328634907582837
4 	 4 0.12271665656863451
5 	 4 0.1237218862678556
6 	 4 0.11441221658115108
7 	 4 0.10522326531977046
8 	 2 0.10636774812547553
9 	 3 0.07159757876106433
10 	 4 0.06943659763568576
11 	 4 0.07126430386273046
12 	 3 0.06788323859163986
13 	 3 0.5979445040563443
14 	 2 0.045755237177057526
15 	 1 0.044068794869971464
16 	 4 0.041428464216188884
17 	 4 0.04320387401167571
18 	 4 0.027212630783545216
19 	 2 0.021048528147313377
20 	 2 0.020990029751588538
21 	 1 0.02092484700865371
22 	 1 0.021684976410763456
23 	 4 0.039737525036105135
24 	 4 0.03669721417349871
25 	 1 0.03298485485931647
26 	 4 0.04440144987387054
27 	 4 0.041344875936814386
28 	 1 0.00811914262516693
29 	 3 0.006452168348590589
30 	 1 0.010125351155645773
31 	 3 0.001266340220090125
32 	 1 0.04841389309024686
33 	 1 0.01694104839511439
34 	 4 0.0030835329140010714
35 	 3 0.004809482875828228
36 	 3 0.016070919796306034
37 	 3 0.0182293132510212
38 	 3 0.006600737144645893
39 	 4 0.01264521280373687
40 	 2 0.010151608721219386
41 	 1 0.015428403013520654
42 	 2 0.004972259582133061
43 	 4 0.020595208474721603
44 	 1 0.04698168221592239
45 	 4 0.021993049410583897
46 	 2 0.0706587242937644
47 	 1 0.035958105800378296
48 	 1 0.014107923463607158
49 	 4 0.04458376680349698
50 	 4 0.01714291416595276
