1 	 1 0.1442846582801969
2 	 3 0.1609512488005525
3 	 2 0.1327417906174974
4 	 3 0.13916757735330998
5 	 2 0.11794660780324853
6 	 2 0.11753913575371586
7 	 1 0.21210574211980943
8 	 1 0.1269322088909357
9 	 4 0.12154021100869063
10 	 3 0.12191630339449823
11 	 4 0.11596121906794461
12 	 2 0.11534137954232374
13 	 4 0.11964068170645609
14 	 4 0.3304955545689413
15 	 2 0.11283297370585005
16 	 2 0.12769116875733189
17 	 1 0.12384311210868729
18 	 3 0.11483565797853812
19 	 1 0.12124295681289911
20 	 2 0.13282789279671742
21 	 1 0.11615935836657189
22 	 2 0.12130370504175338
23 	 4 0.11932534253784277
24 	 4 0.3917326863548351
25 	 3 0.11485531608421409
26 	 4 0.12099372775969691
27 	 3 0.12677875554238927
28 	 1 0.14285809634265548
29 	 2 0.11166288829711306
30 	 2 0.11305839251130229
31 	 3 0.11594010187032441
32 	 3 0.12082160577331778
33 	 2 0.24695553060951783
34 	 3 0.1333570471158482
35 	 1 0.15185714829780475
36 	 1 0.1267025319896052
37 	 4 0.141569314044699
38 	 4 0.11472342604615283
39 	 2 0.117782181075468
40 	 4 0.11742810458492361
41 	 4 0.11583851023037392
42 	 3 0.12842577820402207
43 	 3 0.12097031811971998
44 	 3 0.3651559348790124
45 	 2 0.20212732068991826
46 	 3 0.13376616841608877
47 	 1 0.12803886104592724
48 	 4 0.15611305400773715
49 	 3 0.13425534409429074
50 	 2 0.11674237517947102
