1 	 1 0.11675598798490962
2 	 1 0.11713665516154245
3 	 3 0.11712716467533714
4 	 4 0.11229752821810511
5 	 4 0.47134771935998765
6 	 4 0.11805938588132689
7 	 1 0.11214315308158858
8 	 4 0.5193350441916349
9 	 2 0.1136569525346931
10 	 1 0.11473469515655393
11 	 1 0.11297144508945257
12 	 4 0.1140401119771417
13 	 4 0.1165448930205402
14 	 3 0.11627083482568291
15 	 3 0.11345121582812559
16 	 1 0.11966596415626289
17 	 1 0.12260661840728411
18 	 2 0.12399172355264246
19 	 1 0.11880331472660055
20 	 3 0.11623583944357319
21 	 1 0.11619808007273519
22 	 1 0.1167314440534735
23 	 4 0.12522891129718258
24 	 4 0.112308188168334
25 	 3 0.13788766737201352
26 	 1 0.11503685506420265
27 	 2 0.11505652041408854
28 	 2 0.11681640530533437
29 	 1 0.14753004094537261
30 	 4 0.12399905572296033
31 	 1 0.14274513034659433
32 	 1 0.11347608020298926
33 	 3 0.14415311165874534
34 	 3 0.12011185102170754
35 	 2 0.11730121590528166
36 	 1 0.11514989923097636
37 	 2 0.12777529365431098
38 	 4 0.11296858362643954
39 	 3 0.11462655154634499
40 	 2 0.1319594577318114
41 	 3 0.11553539886743854
42 	 3 0.12084906490824779
43 	 4 0.14400516222221738
44 	 1 0.12552797747811067
45 	 2 0.11343971812005484
46 	 1 0.13712873041056758
47 	 4 0.1173364551203731
48 	 2 0.12954167839743744
49 	 4 0.14583790503507166
50 	 4 0.12759884794184395
