1 	 3 0.08299834979380528
2 	 2 0.08166840001588693
3 	 3 0.08153655374409166
4 	 1 0.08397995341044041
5 	 2 0.08267129486814775
6 	 3 0.0674671818609692
7 	 3 0.05894658809482778
8 	 2 0.054464883088643674
9 	 3 0.05927421477313399
10 	 4 0.025386131815751358
11 	 1 0.013604623796036205
12 	 1 0.017598823144937693
13 	 2 0.007427795471540909
14 	 3 0.2579764320668286
15 	 1 0.01969889715503268
16 	 3 0.011304036945196936
17 	 3 0.002549830509010765
18 	 1 0.0058444812341324785
19 	 3 0.02316402038291514
20 	 1 0.01732121720122839
21 	 2 0.00805132329111811
22 	 1 0.04488972250349318
23 	 1 0.0005026737001106355
24 	 3 0.08298253904424861
25 	 4 0.0065851563931382
26 	 3 0.0012320724073444434
27 	 2 0.0338191235211842
28 	 2 0.009375249053065235
29 	 4 0.0406729758427835
30 	 4 0.009749047265746363
31 	 2 0.017029759759918082
32 	 3 0.009248074169336769
33 	 2 0.02282534118750075
34 	 4 0.013706203780426456
35 	 4 0.03318511444209377
36 	 2 0.019791370597675592
37 	 2 0.026416060241433517
38 	 1 0.02966736823535208
39 	 1 0.03676801288449345
40 	 4 0.022217572399797235
41 	 4 0.017083951401424033
42 	 2 0.027782756886540718
43 	 4 0.028882550996268026
44 	 3 0.017533661447252387
45 	 4 0.033577658935500326
46 	 1 0.011596366305380832
47 	 1 0.07904699476184572
48 	 2 0.0439270217462308
49 	 2 0.08399499779418411
50 	 1 0.01700548781623285
