1 	 3 0.11360468285583336
2 	 1 0.13494789439221822
3 	 4 0.15572241322238267
4 	 1 0.1491674744963688
5 	 4 0.15576069502618994
6 	 1 0.1832685841406167
7 	 4 0.13024495130417715
8 	 2 0.11421682292415987
9 	 2 0.1921695126631911
10 	 1 0.21500324731437667
11 	 4 0.13806796251378628
12 	 2 0.1690577146895304
13 	 2 0.12490688537347223
14 	 1 0.14225393463310335
15 	 3 0.12481472641959976
16 	 4 0.14777080323214478
17 	 4 0.15849210018699716
18 	 1 0.14203527023137796
19 	 4 0.13864328046594418
20 	 3 0.17647090786366235
21 	 3 0.217568361147998
22 	 4 0.4351139383853463
23 	 1 0.1844255943848656
24 	 1 0.1577003640827971
25 	 3 0.17775964062637709
26 	 1 0.1821729003880155
27 	 1 0.17705369202349303
28 	 2 0.18722511716896065
29 	 2 0.23260675434164924
30 	 2 0.21888179575987118
31 	 3 0.2035814085298241
32 	 1 0.2801503632644615
33 	 4 0.2311302832672506
34 	 2 0.27501133934845123
35 	 4 0.2959979864113273
36 	 1 0.17592940850337507
37 	 2 0.11943974152074455
38 	 3 0.15140876484062296
39 	 1 0.1997703820957959
40 	 1 0.13867192303838863
41 	 1 0.1620858862480679
42 	 3 0.3748669092316786
43 	 2 0.3585970049033681
44 	 2 0.11287964679552852
45 	 1 0.11288379834292216
46 	 2 0.12463610192161928
47 	 3 0.11515922653558157
48 	 4 0.16795079021318043
49 	 4 0.13123372677108736
50 	 2 0.14430753082486067
