1 	 3 0.11560458158656786
2 	 3 0.0947675167772947
3 	 4 0.09622903205177281
4 	 2 0.188532200380676
5 	 2 0.10296524552028008
6 	 3 0.16669043401972378
7 	 1 0.1041769259070915
8 	 2 0.09000307595609115
9 	 3 0.20080267266032784
10 	 3 0.08006240441753672
11 	 4 0.6183216570492593
12 	 3 0.17192636094513516
13 	 3 0.3837785441234505
14 	 3 0.09740213508950753
15 	 4 0.23155072102158925
16 	 4 0.36659435133984963
17 	 4 0.1483282416038484
18 	 2 0.07950791742406361
19 	 2 0.4264625437410962
20 	 3 0.1073448723885825
21 	 1 0.15301578267924199
22 	 1 0.10704426484897472
23 	 3 0.11436446532061074
24 	 3 0.13669530291764007
25 	 2 0.18739606801401018
26 	 2 0.1157536821090607
27 	 4 0.23591599620310896
28 	 3 0.12931230927907286
29 	 1 0.1583079656770897
30 	 4 0.15181973999218698
31 	 4 0.08580774531151436
32 	 4 0.09131772889409281
33 	 1 0.23738619337999425
34 	 1 0.23942852571202292
35 	 3 0.2472868573624911
36 	 3 0.1193972035429906
37 	 4 0.258089829457888
38 	 3 0.3007095544195746
39 	 1 0.28968760334436544
40 	 4 0.20080401671883327
41 	 4 0.2330277884308201
42 	 3 0.15702440660509356
43 	 4 0.07897433970120481
44 	 3 0.07669088092567201
45 	 1 0.0773054927327355
46 	 2 0.086815820119307
47 	 3 0.15137527427689526
48 	 2 0.19764589219873463
49 	 1 0.15569360129000204
50 	 1 0.07585511955579342
