1.00000000	0.05044072	1.00000000	1.00000000	0.58903934	0.01250000	0.00361863	0.00156250	
1.00000000	0.02790553	1.00000000	1.00000000	0.56571909	0.00428848	0.00422725	0.02344765	
1.00000000	0.02162557	1.00000000	1.00000000	0.56198319	0.03190134	0.00156250	0.01364682	
1.00000000	0.00165823	1.00000000	1.00000000	0.60228699	0.00125125	0.00156250	0.01006949	
2.00000000	0.00000000	1.00000000	1.00000000	0.61842343	0.02550151	0.00156250	0.00156250	
2.00000000	0.02452717	1.00000000	1.00000000	0.63024121	0.00484734	0.00156250	0.00156250	
2.00000000	0.00000000	1.00000000	1.00000000	0.63221779	0.03854348	0.00156250	0.00156250	
2.00000000	0.00421954	1.00000000	1.00000000	0.63954614	0.02828434	0.00156250	0.01014699	
3.00000000	0.00000000	1.00000000	1.00000000	0.60292529	0.00603194	0.00156250	0.02565866	
3.00000000	0.02121844	1.00000000	1.00000000	0.58187005	0.01865274	0.00156250	0.03934620	
3.00000000	0.00000000	1.00000000	1.00000000	0.57906152	0.02075293	0.00156250	0.02446876	
3.00000000	0.02159969	1.00000000	1.00000000	0.55970806	0.00437444	0.00156250	0.00156250	
4.00000000	0.03700414	1.00000000	1.00000000	0.59858926	0.01250000	0.00156250	0.00156250	
4.00000000	0.02233331	1.00000000	1.00000000	0.62715226	0.02528729	0.00156250	0.01014939	
4.00000000	0.00457859	1.00000000	1.00000000	0.52262111	0.05771254	0.01136444	0.00490372	
4.00000000	0.05306160	1.00000000	1.00000000	0.56696482	0.01680457	0.04362768	0.00156250	
5.00000000	0.00000000	1.00000000	1.00000000	0.55299934	0.06335609	0.02600277	0.04903147	
5.00000000	0.00000000	1.00000000	1.00000000	0.64390188	0.01250000	0.00156250	0.00156250	
5.00000000	0.01062600	1.00000000	1.00000000	0.53026563	0.09928785	0.02551040	0.00156250	
5.00000000	0.04469155	1.00000000	1.00000000	0.63368701	0.03401749	0.05363898	0.00156250	
6.00000000	0.03129873	1.00000000	1.00000000	0.54362210	0.00236208	0.05383183	0.00156250	
6.00000000	0.03191103	1.00000000	1.00000000	0.58196307	0.00496042	0.05695067	0.00156250	
6.00000000	0.05411784	1.00000000	1.00000000	0.61964448	0.01153128	0.00156250	0.01593598	
6.00000000	0.03888806	1.00000000	1.00000000	0.61140344	0.01250000	0.05581634	0.00156250	
7.00000000	0.00000000	1.00000000	1.00000000	0.65893569	0.03048275	0.00156250	0.02671883	
7.00000000	0.02124920	1.00000000	1.00000000	0.63953797	0.02913145	0.03744612	0.00156250	
7.00000000	0.05098880	1.00000000	1.00000000	0.58277451	0.01250000	0.06749510	0.10797335	
7.00000000	0.00749520	1.00000000	1.00000000	0.63059527	0.01250000	0.06991921	0.01520948	
8.00000000	0.00000000	1.00000000	1.00000000	0.59879573	0.09609971	0.07327210	0.02545018	
8.00000000	0.00000000	1.00000000	1.00000000	0.59264722	0.01250000	0.00156250	0.00156250	
8.00000000	0.02442834	1.00000000	1.00000000	0.60209628	0.01250000	0.00368365	0.02684471	
8.00000000	0.00000000	1.00000000	1.00000000	0.60819421	0.02581922	0.00156250	0.06446474	
9.00000000	0.01347365	1.00000000	1.00000000	0.65869225	0.01250000	0.00156250	0.02521968	
9.00000000	0.03350392	1.00000000	1.00000000	0.63771200	0.02870989	0.00156250	0.00156250	
9.00000000	0.04222299	1.00000000	1.00000000	0.53079551	0.01250000	0.04213944	0.00389197	
9.00000000	0.00000000	1.00000000	1.00000000	0.62109851	0.07522116	0.00156250	0.00156250	
10.00000000	0.03272184	1.00000000	1.00000000	0.58612109	0.01250000	0.00471801	0.02991693	
10.00000000	0.00000000	1.00000000	1.00000000	0.58716081	0.01250000	0.03131961	0.00156250	
10.00000000	0.00000000	1.00000000	1.00000000	0.68603425	0.01250000	0.00156250	0.02663433	
10.00000000	0.00000000	1.00000000	1.00000000	0.55029304	0.05967715	0.00156250	0.00149508	
11.00000000	0.00000000	1.00000000	1.00000000	0.68603430	0.01250000	0.00156250	0.02663430	
11.00000000	0.00000000	1.00000000	1.00000000	0.68603430	0.01250000	0.00156250	0.02663430	
11.00000000	0.00000000	1.00000000	1.00000000	0.68603430	0.01250000	0.00156250	0.02663430	
11.00000000	0.00000000	1.00000000	1.00000000	0.68603430	0.01250000	0.00156250	0.02663430	
12.00000000	0.00000000	1.00000000	1.00000000	0.68603430	0.01250000	0.00156250	0.02663430	
12.00000000	0.00000000	1.00000000	1.00000000	0.68603430	0.01250000	0.00156250	0.02663430	
12.00000000	0.00000000	1.00000000	1.00000000	0.68603430	0.01250000	0.00156250	0.02663430	
12.00000000	0.00000000	1.00000000	1.00000000	0.68603430	0.01250000	0.00156250	0.02663430	
13.00000000	0.00000000	1.00000000	1.00000000	0.67289413	0.01250000	0.01129415	0.03630546	
13.00000000	0.00000000	1.00000000	1.00000000	0.62465104	0.02549693	0.01264590	0.03122050	
13.00000000	0.00000000	1.00000000	1.00000000	0.71204916	0.01250000	0.00156250	0.06043787	
13.00000000	0.00000000	1.00000000	1.00000000	0.69480289	0.02926571	0.00896951	0.02752089	
14.00000000	0.00000000	1.00000000	1.00000000	0.66184237	0.01651277	0.00528094	0.06158746	
14.00000000	0.00000000	1.00000000	1.00000000	0.66012473	0.01250000	0.00156250	0.06027493	
14.00000000	0.00000000	1.00000000	1.00000000	0.68633369	0.01250000	0.00156250	0.00666478	
14.00000000	0.00000000	1.00000000	1.00000000	0.67751369	0.00154462	0.00156250	0.07696511	
15.00000000	0.04289973	1.00000000	1.00000000	0.62740490	0.02294334	0.00156250	0.02663430	
15.00000000	0.00000000	1.00000000	1.00000000	0.65530994	0.03447437	0.00156250	0.02663430	
15.00000000	0.03263160	1.00000000	1.00000000	0.68604862	0.02959777	0.00156250	0.04691344	
15.00000000	0.03435654	1.00000000	1.00000000	0.69601452	0.04390811	0.00156250	0.02220842	
16.00000000	0.02826418	1.00000000	1.00000000	0.66171887	0.01250000	0.03300140	0.03547840	
16.00000000	0.00000000	1.00000000	1.00000000	0.70155490	0.01250000	0.05268112	0.06910780	
16.00000000	0.00000000	1.00000000	1.00000000	0.69955447	0.01950439	0.02946713	0.02663430	
16.00000000	0.00000000	1.00000000	1.00000000	0.71232678	0.06798170	0.07591680	0.04364766	
17.00000000	0.01297075	1.00000000	1.00000000	0.64911689	0.02853844	0.03148408	0.02176980	
17.00000000	0.00000000	1.00000000	1.00000000	0.69854435	0.03474229	0.00232287	0.12657904	
17.00000000	0.03928164	1.00000000	1.00000000	0.62216355	0.03733169	0.00156250	0.02663430	
17.00000000	0.00000000	1.00000000	1.00000000	0.68070598	0.00598290	0.00156250	0.00763445	
18.00000000	0.03602035	1.00000000	1.00000000	0.59127879	0.10034942	0.00156250	0.02663430	
18.00000000	0.00000000	1.00000000	1.00000000	0.57090088	0.00583452	0.00156250	0.07239011	
18.00000000	0.01961867	1.00000000	1.00000000	0.69087898	0.01250000	0.04796367	0.00546469	
18.00000000	0.00000000	1.00000000	1.00000000	0.71566159	0.01250000	0.08498183	0.08308278	
19.00000000	0.00000000	1.00000000	1.00000000	0.67097477	0.08368379	0.00156250	0.02663430	
19.00000000	0.00000000	1.00000000	1.00000000	0.66699633	0.00206936	0.00156250	0.05977787	
19.00000000	0.00000000	1.00000000	1.00000000	0.70786466	0.01250000	0.00156250	0.04987796	
19.00000000	0.00000000	1.00000000	1.00000000	0.67882557	0.11695212	0.09607292	0.06777394	
20.00000000	0.00607096	1.00000000	1.00000000	0.67245538	0.05734738	0.05601224	0.09274710	
20.00000000	0.00363844	1.00000000	1.00000000	0.66096097	0.01355079	0.00156250	0.02474832	
20.00000000	0.00504283	1.00000000	1.00000000	0.74709917	0.06234085	0.00156250	0.02663430	
20.00000000	0.00000000	1.00000000	1.00000000	0.72754961	0.01250000	0.00156250	0.02663430	
21.00000000	0.04029253	1.00000000	1.00000000	0.67139939	0.01250000	0.00303798	0.02663430	
21.00000000	0.00000000	1.00000000	1.00000000	0.79593519	0.01250000	0.00156250	0.04907774	
21.00000000	0.00000000	1.00000000	1.00000000	0.67721013	0.05609968	0.00156250	0.02663430	
21.00000000	0.06995736	1.00000000	1.00000000	0.61798129	0.01250000	0.06054807	0.02770886	
22.00000000	0.00000000	1.00000000	1.00000000	0.79593520	0.01250000	0.00156250	0.04907770	
22.00000000	0.00000000	1.00000000	1.00000000	0.79593520	0.01250000	0.00156250	0.04907770	
22.00000000	0.00000000	1.00000000	1.00000000	0.79593520	0.01250000	0.00156250	0.04907770	
22.00000000	0.00000000	1.00000000	1.00000000	0.79593520	0.01250000	0.00156250	0.04907770	
23.00000000	0.00000000	1.00000000	1.00000000	0.80237615	0.01322994	0.00908091	0.05515028	
23.00000000	0.05075043	1.00000000	1.00000000	0.78125864	0.01485701	0.00156250	0.01641685	
23.00000000	0.00000000	1.00000000	1.00000000	0.79451999	0.02835188	0.02091313	0.02896761	
23.00000000	0.00000000	1.00000000	1.00000000	0.78432766	0.01250000	0.00156250	0.06785783	
24.00000000	0.00255522	1.00000000	1.00000000	0.83673229	0.01400610	0.00156250	0.03818559	
24.00000000	0.00000000	1.00000000	1.00000000	0.84835362	0.04332392	0.00156250	0.06747291	
24.00000000	0.02815630	1.00000000	1.00000000	0.74591664	0.00313177	0.00156250	0.02797943	
24.00000000	0.00593406	1.00000000	1.00000000	0.82222954	0.04287201	0.03645311	0.01820931	
25.00000000	0.00000000	1.00000000	1.00000000	0.75845080	0.01250000	0.00776904	0.03250837	
25.00000000	0.00000000	1.00000000	1.00000000	0.83097327	0.03435172	0.01374093	0.06759466	
25.00000000	0.00698809	1.00000000	1.00000000	0.75935005	0.02905103	0.00156250	0.14096129	
25.00000000	0.02674373	1.00000000	1.00000000	0.85469370	0.09059550	0.00156250	0.08534703	
26.00000000	0.01747597	1.00000000	1.00000000	0.70712110	0.05923933	0.05485117	0.09263531	
26.00000000	0.05045065	1.00000000	1.00000000	0.84179464	0.01433751	0.00810739	0.02627800	
26.00000000	0.00000000	1.00000000	1.00000000	0.75890696	0.01250000	0.02629061	0.06369121	
26.00000000	0.00000000	1.00000000	1.00000000	0.79696794	0.00814720	0.00156250	0.08350106	
27.00000000	0.00000000	1.00000000	1.00000000	0.78791183	0.01691095	0.00156250	0.05308607	
27.00000000	0.00000000	1.00000000	1.00000000	0.72658649	0.01250000	0.01263428	0.00568058	
27.00000000	0.00000000	1.00000000	1.00000000	0.82364260	0.01250000	0.00882119	0.13947809	
27.00000000	0.00000000	1.00000000	1.00000000	0.85734430	0.00226831	0.01317612	0.08577868	
28.00000000	0.00000000	1.00000000	1.00000000	0.79700993	0.00903536	0.00156250	0.12941772	
28.00000000	0.00000000	1.00000000	1.00000000	0.74507959	0.00124283	0.00156250	0.10588569	
28.00000000	0.00000000	1.00000000	1.00000000	0.84765399	0.00993898	0.00156250	0.06900402	
28.00000000	0.01267290	1.00000000	1.00000000	0.77275555	0.01250000	0.00549547	0.01189582	
29.00000000	0.00000000	1.00000000	1.00000000	0.78403127	0.03679383	0.00156250	0.00646479	
29.00000000	0.00995679	1.00000000	1.00000000	0.78472935	0.04954142	0.07791364	0.02892688	
29.00000000	0.02952310	1.00000000	1.00000000	0.81764917	0.01250000	0.07531937	0.02531834	
29.00000000	0.00000000	1.00000000	1.00000000	0.78688754	0.05155065	0.04139257	0.04907770	
30.00000000	0.00000000	1.00000000	1.00000000	0.79540638	0.01250000	0.08277204	0.06887856	
30.00000000	0.00426740	1.00000000	1.00000000	0.75859590	0.01250000	0.03374409	0.03827887	
30.00000000	0.00024951	1.00000000	1.00000000	0.76740490	0.00872890	0.04759833	0.00667511	
30.00000000	0.00000000	1.00000000	1.00000000	0.76922184	0.00346449	0.02773104	0.06414800	
31.00000000	0.00020662	1.00000000	1.00000000	0.75613669	0.01250000	0.03222628	0.06011743	
31.00000000	0.00000000	1.00000000	1.00000000	0.76799679	0.07405099	0.00156250	0.06729282	
31.00000000	0.00000000	1.00000000	1.00000000	0.75487498	0.01767277	0.05277501	0.01775802	
31.00000000	0.05877783	1.00000000	1.00000000	0.72377357	0.01250000	0.03484984	0.04097958	
32.00000000	0.00000000	1.00000000	1.00000000	0.77073301	0.01250000	0.11303404	0.15311938	
32.00000000	0.00000000	1.00000000	1.00000000	0.83188968	0.01250000	0.08663826	0.05654532	
32.00000000	0.00000000	1.00000000	1.00000000	0.84350755	0.05693807	0.05135812	0.12092016	
32.00000000	0.05282656	1.00000000	1.00000000	0.76879320	0.06261050	0.02328268	0.08179193	
33.00000000	0.00000000	1.00000000	1.00000000	0.80293517	0.02429490	0.06729863	0.07630134	
33.00000000	0.00000000	1.00000000	1.00000000	0.72832157	0.03078584	0.00156250	0.08485261	
33.00000000	0.00000000	1.00000000	1.00000000	0.87253124	0.05452075	0.06907482	0.03942332	
33.00000000	0.00000000	1.00000000	1.00000000	0.78137760	0.14557415	0.00156250	0.04907770	
34.00000000	0.00000000	1.00000000	1.00000000	0.83369250	0.01250000	0.03197491	0.04907770	
34.00000000	0.00000000	1.00000000	1.00000000	0.76998577	0.00978223	0.00156250	0.09308025	
34.00000000	0.05857493	1.00000000	1.00000000	0.68351817	0.06789117	0.00156250	0.11395373	
34.00000000	0.00000000	1.00000000	1.00000000	0.79863848	0.05846698	0.00156250	0.18176948	
35.00000000	0.00000000	1.00000000	1.00000000	0.72490577	0.01250000	0.07155203	0.07165507	
35.00000000	0.07169245	1.00000000	1.00000000	0.83151769	0.05429910	0.00508736	0.08759270	
35.00000000	0.00000000	1.00000000	1.00000000	0.78176484	0.01250000	0.00156250	0.08817442	
35.00000000	0.00000000	1.00000000	1.00000000	0.71476977	0.01250000	0.03043758	0.08582661	
36.00000000	0.00000000	1.00000000	1.00000000	0.85897607	0.00376665	0.04427373	0.04907770	
36.00000000	0.02288106	1.00000000	1.00000000	0.67828198	0.01250000	0.00156250	0.01753746	
36.00000000	0.00000000	1.00000000	1.00000000	0.79552418	0.06155827	0.06993413	0.04505601	
36.00000000	0.00000000	1.00000000	1.00000000	0.71550126	0.12036504	0.12613486	0.04544933	
37.00000000	0.00000000	1.00000000	1.00000000	0.80273794	0.05058118	0.00156250	0.16494930	
37.00000000	0.04979907	1.00000000	1.00000000	0.74944793	0.01250000	0.10814458	0.07611000	
37.00000000	0.02011533	1.00000000	1.00000000	0.76478527	0.03377035	0.00156250	0.08111601	
37.00000000	0.06740496	1.00000000	1.00000000	0.69820146	0.01250000	0.07403993	0.02278684	
38.00000000	0.07428673	1.00000000	1.00000000	0.71254827	0.08522639	0.00156250	0.04907770	
38.00000000	0.00544517	1.00000000	1.00000000	0.82879191	0.01250000	0.00156250	0.06859648	
38.00000000	0.10363050	1.00000000	1.00000000	0.90411288	0.07187728	0.11975891	0.04570701	
38.00000000	0.10250465	1.00000000	1.00000000	0.75163625	0.01250000	0.01673579	0.07025108	
39.00000000	0.01492044	1.00000000	1.00000000	0.81328082	0.14403582	0.01572638	0.04823073	
39.00000000	0.07722669	1.00000000	1.00000000	0.82020342	0.01250000	0.00156250	0.11388809	
39.00000000	0.00000000	1.00000000	1.00000000	0.85691578	0.01250000	0.00156250	0.05856276	
39.00000000	0.00000000	1.00000000	1.00000000	0.81066259	0.00555248	0.06419081	0.12300958	
40.00000000	0.02587668	1.00000000	1.00000000	0.77381668	0.01708999	0.00156250	0.01230211	
40.00000000	0.03437463	1.00000000	1.00000000	0.76117631	0.08648924	0.00156250	0.04907770	
40.00000000	0.00000000	1.00000000	1.00000000	0.79778060	0.03019027	0.07534116	0.04907770	
40.00000000	0.00000000	1.00000000	1.00000000	0.87173269	0.06420031	0.00156250	0.02161947	
41.00000000	0.00000000	1.00000000	1.00000000	0.84034393	0.01143583	0.00156250	0.11305379	
41.00000000	0.00000000	1.00000000	1.00000000	0.86307235	0.07096962	0.02403940	0.12055903	
41.00000000	0.00000000	1.00000000	1.00000000	0.64413023	0.01250000	0.00156250	0.09694325	
41.00000000	0.02666290	1.00000000	1.00000000	0.87359735	0.01250000	0.00156250	0.10948000	
42.00000000	0.12353669	1.00000000	1.00000000	0.75523889	0.01250000	0.00156250	0.06288230	
42.00000000	0.04225987	1.00000000	1.00000000	0.83089290	0.01250000	0.00156250	0.13384378	
42.00000000	0.22341917	1.00000000	1.00000000	0.83299693	0.01250000	0.00156250	0.10231420	
42.00000000	0.00000000	1.00000000	1.00000000	0.88733375	0.13967543	0.00431237	0.04907770	
43.00000000	0.00000000	1.00000000	1.00000000	0.80046295	0.01250000	0.00156250	0.26951413	
43.00000000	0.00000000	1.00000000	1.00000000	0.81999205	0.01250000	0.00156250	0.07565869	
43.00000000	0.07743559	1.00000000	1.00000000	0.90188375	0.02252604	0.00180185	0.01468116	
43.00000000	0.00000000	1.00000000	1.00000000	0.82660404	0.01250000	0.00156250	0.04907770	
44.00000000	0.00386500	1.00000000	1.00000000	0.97366024	0.02335085	0.00156250	0.03993894	
44.00000000	0.00000000	1.00000000	1.00000000	0.86229323	0.01250000	0.00156250	0.01758909	
44.00000000	0.00000000	1.00000000	1.00000000	0.81181445	0.01250000	0.06769393	0.04907770	
44.00000000	0.00000000	1.00000000	1.00000000	0.80948897	0.01231823	0.00156250	0.04907770	
45.00000000	0.00058558	1.00000000	1.00000000	0.84198253	0.02695822	0.12095692	0.09510616	
45.00000000	0.09497296	1.00000000	1.00000000	0.91910205	0.01250000	0.01085926	0.06989429	
45.00000000	0.00000000	1.00000000	1.00000000	0.74262634	0.01250000	0.00156250	0.06455265	
45.00000000	0.00000000	1.00000000	1.00000000	0.82484264	0.11230557	0.06140877	0.07987503	
46.00000000	0.01537982	1.00000000	1.00000000	0.81957948	0.14226723	0.02650456	0.10637596	
46.00000000	0.00000000	1.00000000	1.00000000	0.91549341	0.02249636	0.04458669	0.01375715	
46.00000000	0.06578412	1.00000000	1.00000000	0.78007682	0.01250000	0.00156250	0.11366072	
46.00000000	0.01251043	1.00000000	1.00000000	0.90952268	0.00823378	0.00156250	0.14211168	
47.00000000	0.00000000	1.00000000	1.00000000	0.90202973	0.01250000	0.00156250	0.04907770	
47.00000000	0.00000000	1.00000000	1.00000000	0.71817838	0.00529713	0.15705222	0.02991665	
47.00000000	0.00000000	1.00000000	1.00000000	0.77442632	0.01250000	0.00156250	0.04907770	
47.00000000	0.17209456	1.00000000	1.00000000	0.80260963	0.01250000	0.00156250	0.04907770	
48.00000000	0.09476305	1.00000000	1.00000000	0.88486145	0.03974657	0.00156250	0.04907770	
48.00000000	0.00000000	1.00000000	1.00000000	0.89465748	0.05439461	0.07469580	0.22240356	
48.00000000	0.00000000	1.00000000	1.00000000	0.68704891	0.01250000	0.00156250	0.18049210	
48.00000000	0.09281782	1.00000000	1.00000000	0.89429770	0.09559127	0.00156250	0.08541776	
49.00000000	0.00000000	1.00000000	1.00000000	0.57764722	0.02333515	0.01543548	0.04907770	
49.00000000	0.00000000	1.00000000	1.00000000	0.99763340	0.17566330	0.10280388	0.04907770	
49.00000000	0.00000000	1.00000000	1.00000000	0.72251227	0.12150952	0.09995242	0.08463717	
49.00000000	0.00000000	1.00000000	1.00000000	0.62617951	0.01250000	0.00856823	0.00510426	
50.00000000	0.04321771	1.00000000	1.00000000	0.85064633	0.11826826	0.06754475	0.04907770	
50.00000000	0.00000000	1.00000000	1.00000000	0.68021336	0.01250000	0.17689528	0.04907770	
50.00000000	0.11166512	1.00000000	1.00000000	0.94902140	0.13647928	0.00156250	0.08942375	
50.00000000	0.17296710	1.00000000	1.00000000	0.94510317	0.01250000	0.00156250	0.03660363	
1.00000000	0.09232933	1.00000000	1.00000000	0.28717602	0.11145893	0.11639795	0.07554955	
1.00000000	0.11191358	1.00000000	1.00000000	0.27584582	0.14625849	0.11281314	0.07748125	
1.00000000	0.10311474	1.00000000	1.00000000	0.28064197	0.09298436	0.12866683	0.11135577	
1.00000000	0.04155873	1.00000000	1.00000000	0.28154166	0.07572463	0.13931261	0.12827464	
2.00000000	0.47943879	1.00000000	1.00000000	0.89197618	0.11145890	0.11639790	0.12307641	
2.00000000	0.47943879	1.00000000	1.00000000	0.89197618	0.11145890	0.11639790	0.12307641	
2.00000000	0.47943879	1.00000000	1.00000000	0.89197618	0.11145890	0.11639790	0.12307641	
2.00000000	0.47943879	1.00000000	1.00000000	0.89197618	0.11145890	0.11639790	0.12307641	
3.00000000	0.10635702	1.00000000	1.00000000	0.27454571	0.10332598	0.06019851	0.09587697	
3.00000000	0.09604374	1.00000000	1.00000000	0.26092295	0.10411170	0.11170405	0.03779321	
3.00000000	0.08371209	1.00000000	1.00000000	0.30587010	0.09640163	0.07118769	0.14372781	
3.00000000	0.10582716	1.00000000	1.00000000	0.26892256	0.14727685	0.12436990	0.10503567	
4.00000000	0.09604370	1.00000000	1.00000000	0.07242255	0.10325709	0.17341118	0.00729399	
4.00000000	0.09604370	1.00000000	1.00000000	0.07242255	0.10325709	0.17341118	0.00729399	
4.00000000	0.09604370	1.00000000	1.00000000	0.07242255	0.10325709	0.17341118	0.00729399	
4.00000000	0.09604370	1.00000000	1.00000000	0.07242255	0.10325709	0.17341118	0.00729399	
5.00000000	0.07193482	1.00000000	1.00000000	0.27671358	0.05300529	0.10963415	0.01118327	
5.00000000	0.09592253	1.00000000	1.00000000	0.31756175	0.14228924	0.07272436	0.05943955	
5.00000000	0.11934828	1.00000000	1.00000000	0.25093989	0.13184657	0.08829856	0.03779320	
5.00000000	0.07992559	1.00000000	1.00000000	0.26449386	0.11992152	0.10443467	0.01929173	
6.00000000	0.09103827	1.00000000	1.00000000	0.20013179	0.15340063	0.08923317	0.04080327	
6.00000000	0.09862791	1.00000000	1.00000000	0.23529987	0.12203803	0.12541986	0.03360980	
6.00000000	0.08390265	1.00000000	1.00000000	0.28120592	0.06328790	0.10835625	0.06564310	
6.00000000	0.10486079	1.00000000	1.00000000	0.25332022	0.11074479	0.13188654	0.03779320	
7.00000000	0.11620452	1.00000000	1.00000000	0.20745188	0.01538093	0.17904556	0.06563630	
7.00000000	0.11096481	1.00000000	1.00000000	0.24670111	0.12766392	0.13228733	0.04173114	
7.00000000	0.09969750	1.00000000	1.00000000	0.26291932	0.09314872	0.14312597	0.11027629	
7.00000000	0.04934913	1.00000000	1.00000000	0.24107308	0.14621561	0.07980508	0.05807196	
8.00000000	0.10061297	1.00000000	1.00000000	0.25314646	0.07904990	0.14417207	0.03003647	
8.00000000	0.06730455	1.00000000	1.00000000	0.24738650	0.08318823	0.14939565	0.03779320	
8.00000000	0.03734736	1.00000000	1.00000000	0.31064906	0.10147187	0.10326759	0.05362011	
8.00000000	0.09773444	1.00000000	1.00000000	0.25190929	0.02177985	0.13198936	0.10742339	
9.00000000	0.13204609	1.00000000	1.00000000	0.22927449	0.08047239	0.09628535	0.04099637	
9.00000000	0.03845652	1.00000000	1.00000000	0.25583918	0.13383425	0.09827939	0.06006994	
9.00000000	0.04721349	1.00000000	1.00000000	0.30041808	0.09746362	0.10666712	0.03652584	
9.00000000	0.14800985	1.00000000	1.00000000	0.28294458	0.09432577	0.10330702	0.07673109	
10.00000000	0.14358311	1.00000000	1.00000000	0.31371617	0.13086480	0.09858095	0.03779320	
10.00000000	0.13334155	1.00000000	1.00000000	0.30001769	0.12736325	0.03363626	0.07836212	
10.00000000	0.18735752	1.00000000	1.00000000	0.29596518	0.11310017	0.06322074	0.03756221	
10.00000000	0.11882999	1.00000000	1.00000000	0.21001833	0.17870927	0.09139880	0.03779320	
11.00000000	0.04027510	1.00000000	1.00000000	0.28838837	0.03699241	0.16467372	0.03779320	
11.00000000	0.11948732	1.00000000	1.00000000	0.27792242	0.19288568	0.19968502	0.03390612	
11.00000000	0.03277197	1.00000000	1.00000000	0.19480078	0.10022489	0.12004246	0.03779320	
11.00000000	0.13342414	1.00000000	1.00000000	0.26732863	0.13093381	0.11737350	0.07387192	
12.00000000	0.11165114	1.00000000	1.00000000	0.24127679	0.05184199	0.03377676	0.01740200	
12.00000000	0.12937382	1.00000000	1.00000000	0.35802636	0.09191989	0.13237938	0.05585241	
12.00000000	0.10637465	1.00000000	1.00000000	0.30032915	0.05824174	0.12959396	0.08776365	
12.00000000	0.16728316	1.00000000	1.00000000	0.22440328	0.13613064	0.19029287	0.01872773	
13.00000000	0.02901163	1.00000000	1.00000000	0.37770684	0.12403425	0.08739127	0.08526554	
13.00000000	0.07973179	1.00000000	1.00000000	0.36642051	0.13505343	0.09977513	0.03779320	
13.00000000	0.13159789	1.00000000	1.00000000	0.29333085	0.14975238	0.14693604	0.10591946	
13.00000000	0.11831186	1.00000000	1.00000000	0.26202089	0.15107036	0.10982581	0.01645108	
14.00000000	0.08552545	1.00000000	1.00000000	0.27727011	0.05888056	0.09174490	0.03886786	
14.00000000	0.06170894	1.00000000	1.00000000	0.17051617	0.06944379	0.12635099	0.07438019	
14.00000000	0.03154989	1.00000000	1.00000000	0.32668458	0.14786403	0.11764197	0.03779320	
14.00000000	0.09604370	1.00000000	1.00000000	0.23442714	0.18016438	0.13165353	0.02572613	
15.00000000	0.00868005	1.00000000	1.00000000	0.32668460	0.14786400	0.11764200	0.03779320	
15.00000000	0.00868005	1.00000000	1.00000000	0.32668460	0.14786400	0.11764200	0.03779320	
15.00000000	0.00868005	1.00000000	1.00000000	0.32668460	0.14786400	0.11764200	0.03779320	
15.00000000	0.00868005	1.00000000	1.00000000	0.32668460	0.14786400	0.11764200	0.03779320	
16.00000000	0.03154990	1.00000000	1.00000000	0.34051563	0.22798507	0.15372269	0.02347307	
16.00000000	0.04811009	1.00000000	1.00000000	0.35318597	0.12274969	0.10920507	0.03167931	
16.00000000	0.03154990	1.00000000	1.00000000	0.29535964	0.18518946	0.12782151	0.03779320	
16.00000000	0.05496780	1.00000000	1.00000000	0.33754945	0.15075428	0.10796885	0.02262075	
17.00000000	0.02697060	1.00000000	1.00000000	0.29730973	0.15175278	0.17177747	0.02998953	
17.00000000	0.04044151	1.00000000	1.00000000	0.32050795	0.11730081	0.11790844	0.04617473	
17.00000000	0.03937288	1.00000000	1.00000000	0.28618804	0.16359481	0.17592043	0.02331239	
17.00000000	0.04388340	1.00000000	1.00000000	0.27040085	0.14814255	0.10915757	0.01917374	
18.00000000	0.04044150	1.00000000	1.00000000	0.43809540	0.03240272	0.11790840	0.04617470	
18.00000000	0.04044150	1.00000000	1.00000000	0.43809540	0.03240272	0.11790840	0.04617470	
18.00000000	0.04044150	1.00000000	1.00000000	0.43809540	0.03240272	0.11790840	0.04617470	
18.00000000	0.04044150	1.00000000	1.00000000	0.43809540	0.03240272	0.11790840	0.04617470	
19.00000000	0.03483656	1.00000000	1.00000000	0.36848824	0.10757345	0.10826612	0.05496406	
19.00000000	0.04578312	1.00000000	1.00000000	0.31383731	0.09140750	0.14251143	0.06795212	
19.00000000	0.02162606	1.00000000	1.00000000	0.31697489	0.07487997	0.09501650	0.02407922	
19.00000000	0.06672010	1.00000000	1.00000000	0.35056154	0.12944422	0.10381344	0.04791022	
20.00000000	0.03603559	1.00000000	1.00000000	0.29821111	0.09694790	0.10226694	0.04619267	
20.00000000	0.02439503	1.00000000	1.00000000	0.30080585	0.08601510	0.15104369	0.06994591	
20.00000000	0.00227490	1.00000000	1.00000000	0.32737124	0.15922616	0.11752567	0.03679260	
20.00000000	0.10247643	1.00000000	1.00000000	0.33517628	0.10182579	0.10459210	0.05903749	
21.00000000	0.04803531	1.00000000	1.00000000	0.31834247	0.09031940	0.09786778	0.02082145	
21.00000000	0.00892089	1.00000000	1.00000000	0.26022939	0.13480937	0.12695449	0.04353646	
21.00000000	0.10569889	1.00000000	1.00000000	0.37057528	0.10509440	0.19471833	0.04056342	
21.00000000	0.06661457	1.00000000	1.00000000	0.31831249	0.08150524	0.14616900	0.02845788	
22.00000000	0.04044150	1.00000000	1.00000000	0.31746329	0.12604780	0.15562323	0.02316747	
22.00000000	0.00644476	1.00000000	1.00000000	0.29364649	0.09389275	0.12831976	0.07591453	
22.00000000	0.06481975	1.00000000	1.00000000	0.34041114	0.05934255	0.09215678	0.04279824	
22.00000000	0.03923838	1.00000000	1.00000000	0.36767198	0.12683104	0.16211083	0.04617470	
23.00000000	0.00558020	1.00000000	1.00000000	0.35019601	0.14944742	0.04224868	0.07405948	
23.00000000	0.01749764	1.00000000	1.00000000	0.41343145	0.12743323	0.13893077	0.06776621	
23.00000000	0.04407692	1.00000000	1.00000000	0.29752342	0.19464338	0.14060326	0.00677106	
23.00000000	0.07909194	1.00000000	1.00000000	0.28464626	0.05509001	0.12637905	0.08228817	
24.00000000	0.04044150	1.00000000	1.00000000	0.35523905	0.19479218	0.13398889	0.04212015	
24.00000000	0.05208383	1.00000000	1.00000000	0.33184996	0.11570923	0.11860258	0.05261599	
24.00000000	0.06457624	1.00000000	1.00000000	0.36904349	0.17964042	0.09025237	0.02392540	
24.00000000	0.05434747	1.00000000	1.00000000	0.29527884	0.08767133	0.05339894	0.07548094	
25.00000000	0.05208380	1.00000000	1.00000000	0.33185000	0.95882695	0.11860260	0.05261600	
25.00000000	0.05208380	1.00000000	1.00000000	0.33185000	0.95882695	0.11860260	0.05261600	
25.00000000	0.05208380	1.00000000	1.00000000	0.33185000	0.95882695	0.11860260	0.05261600	
25.00000000	0.05208380	1.00000000	1.00000000	0.33185000	0.95882695	0.11860260	0.05261600	
26.00000000	0.05208380	1.00000000	1.00000000	0.33185000	0.95882690	0.11860260	0.05261600	
26.00000000	0.05208380	1.00000000	1.00000000	0.33185000	0.95882690	0.11860260	0.05261600	
26.00000000	0.05208380	1.00000000	1.00000000	0.33185000	0.95882690	0.11860260	0.05261600	
26.00000000	0.05208380	1.00000000	1.00000000	0.33185000	0.95882690	0.11860260	0.05261600	
27.00000000	0.05208380	1.00000000	1.00000000	0.33185000	0.95882690	0.11860260	0.05261600	
27.00000000	0.05208380	1.00000000	1.00000000	0.33185000	0.95882690	0.11860260	0.05261600	
27.00000000	0.05208380	1.00000000	1.00000000	0.33185000	0.95882690	0.11860260	0.05261600	
27.00000000	0.05208380	1.00000000	1.00000000	0.33185000	0.95882690	0.11860260	0.05261600	
28.00000000	0.07400286	1.00000000	1.00000000	0.40538435	0.95202072	0.11090453	0.07480419	
28.00000000	0.04830890	1.00000000	1.00000000	0.32263449	0.94057956	0.10821346	0.09226235	
28.00000000	0.04257170	1.00000000	1.00000000	0.37714565	0.94612071	0.13110963	0.02227212	
28.00000000	0.07440616	1.00000000	1.00000000	0.35715776	0.93738847	0.10882556	0.03254587	
29.00000000	0.02851161	1.00000000	1.00000000	0.34562486	0.97745034	0.11099424	0.06944637	
29.00000000	0.06520457	1.00000000	1.00000000	0.29528158	0.96628018	0.13114105	0.03274372	
29.00000000	0.10865852	1.00000000	1.00000000	0.32749452	0.94555275	0.15008452	0.04900753	
29.00000000	0.02681058	1.00000000	1.00000000	0.30829608	0.96641621	0.14534266	0.01417251	
30.00000000	0.08883832	1.00000000	1.00000000	0.31823112	0.95882690	0.11959493	0.06246118	
30.00000000	0.02587660	1.00000000	1.00000000	0.38368839	0.95958205	0.10899234	0.06242253	
30.00000000	0.03709233	1.00000000	1.00000000	0.32985923	0.94655426	0.08995718	0.05261600	
30.00000000	0.04541821	1.00000000	1.00000000	0.26553020	0.99901459	0.07953488	0.05261600	
31.00000000	0.11038295	1.00000000	1.00000000	0.31689021	0.95728151	0.08862372	0.04885672	
31.00000000	0.00575396	1.00000000	1.00000000	0.33022034	0.95882690	0.08826080	0.08496293	
31.00000000	0.06920886	1.00000000	1.00000000	0.33439725	0.92603742	0.10026296	0.05524753	
31.00000000	0.06746762	1.00000000	1.00000000	0.31248056	0.95415420	0.07059056	0.06773512	
32.00000000	0.10082792	1.00000000	1.00000000	0.34437209	0.95986984	0.10385777	0.01222716	
32.00000000	0.06251244	1.00000000	1.00000000	0.31877619	0.96184598	0.10347540	0.02821976	
32.00000000	0.03515664	1.00000000	1.00000000	0.31964420	0.88201390	0.11885033	0.06986327	
32.00000000	0.04256383	1.00000000	1.00000000	0.31995552	0.96102878	0.15026541	0.02892676	
33.00000000	0.09029552	1.00000000	1.00000000	0.28063594	0.95597279	0.14328816	0.06843539	
33.00000000	0.05430614	1.00000000	1.00000000	0.37797824	0.93743033	0.11236785	0.04873163	
33.00000000	0.04959705	1.00000000	1.00000000	0.37386528	0.98130731	0.11638008	0.10885407	
33.00000000	0.06807404	1.00000000	1.00000000	0.23878858	0.95882690	0.09082881	0.06811021	
34.00000000	0.02573730	1.00000000	1.00000000	0.37040614	0.92669229	0.18145648	0.05261600	
34.00000000	0.05208380	1.00000000	1.00000000	0.32094222	0.98453677	0.12385639	0.08191433	
34.00000000	0.06802846	1.00000000	1.00000000	0.33556061	0.95287928	0.06758898	0.02342000	
34.00000000	0.06532367	1.00000000	1.00000000	0.24003934	0.97384019	0.10539134	0.06196856	
35.00000000	0.05208380	1.00000000	1.00000000	0.39507577	0.97899090	0.15327253	0.05261600	
35.00000000	0.05103022	1.00000000	1.00000000	0.31518532	0.95719046	0.13832856	0.09434047	
35.00000000	0.04140168	1.00000000	1.00000000	0.24272654	0.94510244	0.14713695	0.05058837	
35.00000000	0.03929825	1.00000000	1.00000000	0.31839087	0.98384066	0.12863219	0.07644722	
36.00000000	0.05208380	1.00000000	1.00000000	0.40910828	0.99307587	0.15731076	0.00825387	
36.00000000	0.08433343	1.00000000	1.00000000	0.38907020	0.93257171	0.03873760	0.05677580	
36.00000000	0.05208380	1.00000000	1.00000000	0.30550793	0.95882690	0.15380492	0.15598336	
36.00000000	0.03672466	1.00000000	1.00000000	0.40125072	0.94692548	0.14907846	0.02986372	
37.00000000	0.05208380	1.00000000	1.00000000	0.27679542	0.94382039	0.18563014	0.05261600	
37.00000000	0.04042881	1.00000000	1.00000000	0.28090578	0.99612305	0.17832169	0.05261600	
37.00000000	0.05208380	1.00000000	1.00000000	0.37574042	0.98150512	0.19441883	0.15644685	
37.00000000	0.04105085	1.00000000	1.00000000	0.25084536	0.97460244	0.17721476	0.00953047	
38.00000000	0.11551382	1.00000000	1.00000000	0.35525408	0.95744763	0.12777755	0.04997352	
38.00000000	0.04463580	1.00000000	1.00000000	0.42031094	0.99842573	0.12566366	0.05261600	
38.00000000	0.05208380	1.00000000	1.00000000	0.24651604	0.95882690	0.21636564	0.14380563	
38.00000000	0.06062935	1.00000000	1.00000000	0.32614252	0.96033260	0.10087243	0.05261600	
39.00000000	0.05709894	1.00000000	1.00000000	0.29633175	0.99002349	0.22071546	0.01594177	
39.00000000	0.05230700	1.00000000	1.00000000	0.34601984	0.95738975	0.07613535	0.18391390	
39.00000000	0.01546367	1.00000000	1.00000000	0.27163581	0.84522064	0.08399249	0.08849339	
39.00000000	0.02038097	1.00000000	1.00000000	0.30818908	0.95882690	0.11279375	0.05261600	
40.00000000	0.05208380	1.00000000	1.00000000	0.31449563	0.89550149	0.13309023	0.04152763	
40.00000000	0.07981654	1.00000000	1.00000000	0.24848366	0.93015698	0.02550304	0.13263424	
40.00000000	0.06314093	1.00000000	1.00000000	0.38597646	0.99471648	0.11042840	0.15283474	
40.00000000	0.08389820	1.00000000	1.00000000	0.32349681	0.85264060	0.15406365	0.10989345	
41.00000000	0.04985311	1.00000000	1.00000000	0.32495178	0.99471423	0.16318015	0.13724472	
41.00000000	0.08804800	1.00000000	1.00000000	0.39837597	0.98372784	0.09773584	0.08845498	
41.00000000	0.15089635	1.00000000	1.00000000	0.39694855	0.91232856	0.15693889	0.13851155	
41.00000000	0.07011589	1.00000000	1.00000000	0.25453209	0.96614571	0.25699205	0.04995794	
42.00000000	0.11990775	1.00000000	1.00000000	0.42667676	0.93950839	0.04151039	0.12109704	
42.00000000	0.10014308	1.00000000	1.00000000	0.30807488	0.93744702	0.19123298	0.08733212	
42.00000000	0.07995929	1.00000000	1.00000000	0.24824175	0.93088541	0.11032666	0.05261600	
42.00000000	0.05208380	1.00000000	1.00000000	0.31279475	0.98875358	0.09175168	0.11312702	
43.00000000	0.15009613	1.00000000	1.00000000	0.40594725	0.97893816	0.17377942	0.05261600	
43.00000000	0.04714869	1.00000000	1.00000000	0.45669449	0.85924965	0.12734546	0.05261600	
43.00000000	0.05518284	1.00000000	1.00000000	0.32589056	0.93270266	0.13963519	0.05261600	
43.00000000	0.11285049	1.00000000	1.00000000	0.30086870	0.95882690	0.01784782	0.19341178	
44.00000000	0.02582232	1.00000000	1.00000000	0.37691584	0.87490868	0.12517951	0.05261600	
44.00000000	0.05091991	1.00000000	1.00000000	0.35088741	0.90138792	0.09578005	0.01143703	
44.00000000	0.07340478	1.00000000	1.00000000	0.30068720	0.94481859	0.08348400	0.05038667	
44.00000000	0.02874306	1.00000000	1.00000000	0.39306480	0.95906280	0.10612800	0.05261600	
45.00000000	0.01140385	1.00000000	1.00000000	0.40996784	0.98230976	0.19877207	0.08497886	
45.00000000	0.05208380	1.00000000	1.00000000	0.29054700	0.91594395	0.04734143	0.05408696	
45.00000000	0.19545651	1.00000000	1.00000000	0.33978424	0.95882690	0.14933289	0.12596236	
45.00000000	0.05208380	1.00000000	1.00000000	0.21690960	0.95882690	0.14142156	0.12068087	
46.00000000	0.06172688	1.00000000	1.00000000	0.32156605	0.86441344	0.19810457	0.05304708	
46.00000000	0.13806504	1.00000000	1.00000000	0.40041561	0.96770756	0.19314801	0.11335760	
46.00000000	0.05208380	1.00000000	1.00000000	0.22104293	0.95882690	0.10945309	0.08896464	
46.00000000	0.03230899	1.00000000	1.00000000	0.26743418	0.95882690	0.10347332	0.05261600	
47.00000000	0.09438292	1.00000000	1.00000000	0.37364819	0.91943447	0.14025320	0.22053850	
47.00000000	0.17023874	1.00000000	1.00000000	0.37874361	0.88261712	0.29112677	0.01529684	
47.00000000	0.06894698	1.00000000	1.00000000	0.35331980	0.97757814	0.27651791	0.13879367	
47.00000000	0.02844851	1.00000000	1.00000000	0.39008377	0.95882690	0.13341558	0.04320224	
48.00000000	0.11018172	1.00000000	1.00000000	0.31991606	0.92123143	0.05372477	0.08100873	
48.00000000	0.16544400	1.00000000	1.00000000	0.37116122	0.97616098	0.06138436	0.01266842	
48.00000000	0.09419719	1.00000000	1.00000000	0.33844347	0.95882690	0.20156404	0.05261600	
48.00000000	0.05208380	1.00000000	1.00000000	0.33786382	0.92139165	0.09310332	0.01158015	
49.00000000	0.05039249	1.00000000	1.00000000	0.44297989	0.95902650	0.02062902	0.09812766	
49.00000000	0.05208380	1.00000000	1.00000000	0.33252640	0.95882690	0.11641055	0.00162136	
49.00000000	0.04116741	1.00000000	1.00000000	0.32359052	0.86781857	0.02533238	0.16968941	
49.00000000	0.05431579	1.00000000	1.00000000	0.29515789	0.87528780	0.07920713	0.14699433	
50.00000000	0.02329548	1.00000000	1.00000000	0.18275727	0.94649787	0.21668529	0.13072086	
50.00000000	0.04049789	1.00000000	1.00000000	0.39308051	0.98034738	0.15596644	0.01719576	
50.00000000	0.02977411	1.00000000	1.00000000	0.18668609	0.93474018	0.15312651	0.12433134	
50.00000000	0.01422070	1.00000000	1.00000000	0.33337489	0.95882690	0.03207649	0.02518038	
