1 	 1 0.2028044000090645
2 	 1 0.19538043894141904
3 	 1 0.19470593554604962
4 	 1 0.19315932970870817
5 	 4 0.1952289196211746
6 	 4 0.19484839182866284
7 	 4 0.1812643297652177
8 	 4 0.3151911144542392
9 	 4 0.18256478275356466
10 	 1 0.18208634879720417
11 	 4 0.18197909340578447
12 	 2 0.18313271358390382
13 	 3 0.18078671988487102
14 	 1 0.54446234313038
15 	 4 0.17988593983316856
16 	 1 0.3011249514844208
17 	 4 0.18036988141083782
18 	 2 0.1789454832554875
19 	 4 0.179787464434867
20 	 3 0.18207949657729477
21 	 3 0.1804571716761087
22 	 2 0.1822933214041358
23 	 2 0.1841765256011918
24 	 1 0.1813165586472564
25 	 1 0.18330495813211659
26 	 2 0.17992368759251315
27 	 4 0.1801721121305798
28 	 2 0.18450265342621971
29 	 4 0.1813890020688061
30 	 4 0.1813242471820223
31 	 4 0.18272953569042477
32 	 2 0.18056031070011275
33 	 2 0.18396542531907498
34 	 4 0.18391061823149432
35 	 1 0.191859930777093
36 	 2 0.2041658047435245
37 	 3 0.1825416456387666
38 	 2 0.18921380018857892
39 	 4 0.18357123919398308
40 	 2 0.18763078542604328
41 	 4 0.19725121377847057
42 	 3 0.1999842769526128
43 	 1 0.18475858367201273
44 	 3 0.18847617555714885
45 	 1 0.18658968523787092
46 	 4 0.18816133225854206
47 	 2 0.19154990738743957
48 	 3 0.1818449120026803
49 	 1 0.19320555051905847
50 	 1 0.19026745638247353
