1 	 2 0.2745748509413053
2 	 4 0.27439564722713855
3 	 1 0.2708628281477534
4 	 2 0.2699832723010538
5 	 1 0.26861970770571
6 	 3 0.27283636467301153
7 	 1 0.27851318607066394
8 	 4 0.23058158666938927
9 	 1 0.22722306664385233
10 	 2 0.22767469375106889
11 	 2 0.21280688304278453
12 	 1 0.21314148013267886
13 	 2 0.1904747278938397
14 	 2 0.22730047559751543
15 	 4 0.1762284318933049
16 	 4 0.18756601363952435
17 	 1 0.16765897957057113
18 	 2 0.16252222541329234
19 	 4 0.16184332333097814
20 	 3 0.1637342674943138
21 	 1 0.16348514918716964
22 	 3 0.1684785828226406
23 	 2 0.15952645085946165
24 	 3 0.15616259927516637
25 	 4 0.1570317085409405
26 	 4 0.15830594492438282
27 	 3 0.15842095938829806
28 	 4 0.15580106599373425
29 	 1 0.3455310431885591
30 	 3 0.15942358617833305
31 	 3 0.15876038906569256
32 	 3 0.1600529342165187
33 	 3 0.16099337261878682
34 	 1 0.16065385806675964
35 	 1 0.16249207589949013
36 	 4 0.15925554301810843
37 	 3 0.16589038898454772
38 	 4 0.15735175686849773
39 	 3 0.16128383109669273
40 	 4 0.166057488498432
41 	 3 0.1615350981757599
42 	 1 0.15690765315798677
43 	 4 0.16947592809125195
44 	 3 0.16080834225729362
45 	 1 0.16677774908895585
46 	 3 0.16065838424664625
47 	 1 0.15959176657158697
48 	 3 0.16357245483406335
49 	 2 0.16105621458903618
50 	 2 0.15955740827805012
