1 	 2 0.049743553400074504
2 	 2 0.08009090031110813
3 	 2 0.05133631047257675
4 	 4 0.06616590695023342
5 	 2 0.051333349545802424
6 	 3 0.04916633795165445
7 	 1 0.2769781027518689
8 	 1 0.08445307802950577
9 	 1 0.05324504900353449
10 	 3 0.04346975515729736
11 	 4 0.05170182928776391
12 	 3 0.050648970827018365
13 	 4 0.04566005002354064
14 	 4 0.045817598562207365
15 	 4 0.04611191731420426
16 	 2 0.045121925074033446
17 	 2 0.07666618719327932
18 	 1 0.08300635194877343
19 	 4 0.0982434049276385
20 	 4 0.08537026142196195
21 	 4 0.07086521798751015
22 	 4 0.06211414420979899
23 	 3 0.04597701069291706
24 	 1 0.06074152626442514
25 	 3 0.07669927658207988
26 	 4 0.04504866362872817
27 	 2 0.04042530686654954
28 	 3 0.17011936357923796
29 	 1 0.07207175944499485
30 	 2 0.026138858657859972
31 	 3 0.025779566159792256
32 	 4 0.023196412939233312
33 	 2 0.02589584256207195
34 	 3 0.01866058095640943
35 	 1 0.17053629823298583
36 	 4 0.009608745085588823
37 	 1 0.010148131709521979
38 	 3 0.02787009012705394
39 	 1 0.02568396049100581
40 	 2 0.041269610930996375
41 	 3 0.03163504270644968
42 	 4 0.021695706313547034
43 	 1 0.02818807100598734
44 	 1 0.016817849569706975
45 	 4 0.03774571854819777
46 	 3 0.04321553445141692
47 	 3 0.02166750273884171
48 	 3 0.05293396982390804
49 	 1 0.03181319836118277
50 	 3 0.023453349890189705
