1.00000000	0.01508807	1.00000000	1.00000000	1.00000000	0.03527600	0.09875964	0.00349068	
1.00000000	0.00000000	1.00000000	1.00000000	0.97443078	0.02500000	0.13277238	0.01028677	
1.00000000	0.03978689	1.00000000	1.00000000	0.91448557	0.02500000	0.09408059	0.03159180	
1.00000000	0.00621052	1.00000000	1.00000000	0.98803216	0.03443493	0.07576544	0.04286939	
2.00000000	0.00000000	1.00000000	1.00000000	1.00000000	0.02399571	0.06461740	0.03972647	
2.00000000	0.00000000	1.00000000	1.00000000	1.00000000	0.02719426	0.11778129	0.05742068	
2.00000000	0.00844638	1.00000000	1.00000000	0.99006854	0.02468121	0.07859534	0.06231787	
2.00000000	0.00725757	1.00000000	1.00000000	1.00000000	0.01122523	0.10905941	0.03169719	
3.00000000	0.00725760	1.00000000	1.00000000	1.00000000	0.02907115	0.10905940	0.03169720	
3.00000000	0.00725760	1.00000000	1.00000000	1.00000000	0.02907115	0.10905940	0.03169720	
3.00000000	0.00725760	1.00000000	1.00000000	1.00000000	0.02907115	0.10905940	0.03169720	
3.00000000	0.00725760	1.00000000	1.00000000	1.00000000	0.02907115	0.10905940	0.03169720	
4.00000000	0.00725760	1.00000000	1.00000000	0.98385667	0.01122520	0.09448504	0.02599201	
4.00000000	0.00725760	1.00000000	1.00000000	1.00000000	0.01044001	0.11178449	0.04995383	
4.00000000	0.00725760	1.00000000	1.00000000	1.00000000	0.01122520	0.08486440	0.00726694	
4.00000000	0.00725760	1.00000000	1.00000000	1.00000000	0.01122520	0.09024133	0.04941381	
5.00000000	0.06679060	1.00000000	1.00000000	1.00000000	0.03518786	0.10566955	0.01497542	
5.00000000	0.00725760	1.00000000	1.00000000	1.00000000	0.02365919	0.10958980	0.02314083	
5.00000000	0.02497784	1.00000000	1.00000000	0.99346469	0.01122520	0.10413061	0.03169720	
5.00000000	0.07648289	1.00000000	1.00000000	0.97246938	0.05057340	0.06183986	0.03970442	
6.00000000	0.00333929	1.00000000	1.00000000	0.98074572	0.04822966	0.09382087	0.02205382	
6.00000000	0.00725760	1.00000000	1.00000000	0.97235389	0.03068417	0.14133447	0.04630001	
6.00000000	0.00725760	1.00000000	1.00000000	1.00000000	0.01122520	0.12350253	0.08907629	
6.00000000	0.00725760	1.00000000	1.00000000	0.92865772	0.01492362	0.13860080	0.02228284	
7.00000000	0.05079623	1.00000000	1.00000000	0.96646238	0.01122520	0.11796683	0.04725939	
7.00000000	0.03473945	1.00000000	1.00000000	1.00000000	0.01733448	0.06671622	0.03169720	
7.00000000	0.00725760	1.00000000	1.00000000	1.00000000	0.00157215	0.13461448	0.05352739	
7.00000000	0.01423439	1.00000000	1.00000000	1.00000000	0.01122520	0.13102625	0.06529557	
8.00000000	0.00725760	1.00000000	1.00000000	0.96195089	0.02610596	0.05812701	0.09817805	
8.00000000	0.02479027	1.00000000	1.00000000	1.00000000	0.07764596	0.13248825	0.03093723	
8.00000000	0.00725760	1.00000000	1.00000000	1.00000000	0.04804190	0.09896291	0.03070723	
8.00000000	0.00725760	1.00000000	1.00000000	1.00000000	0.03441100	0.11329307	0.04969224	
9.00000000	0.03129261	1.00000000	1.00000000	0.96346364	0.01122520	0.10363486	0.04535585	
9.00000000	0.02890468	1.00000000	1.00000000	1.00000000	0.01122520	0.13153772	0.01369486	
9.00000000	0.00725760	1.00000000	1.00000000	1.00000000	0.01122520	0.12552178	0.04374825	
9.00000000	0.05151029	1.00000000	1.00000000	1.00000000	0.00150547	0.12106058	0.05886364	
10.00000000	0.00725760	1.00000000	1.00000000	0.99042009	0.01122520	0.02193918	0.01831664	
10.00000000	0.05112742	1.00000000	1.00000000	0.97386195	0.02132804	0.14906127	0.03169720	
10.00000000	0.00725760	1.00000000	1.00000000	0.99980274	0.00757625	0.15548164	0.03169720	
10.00000000	0.00725760	1.00000000	1.00000000	0.91683148	0.03176765	0.08315383	0.05978586	
11.00000000	0.00725760	1.00000000	1.00000000	1.00000000	0.02793190	0.15958295	0.03169720	
11.00000000	0.00725760	1.00000000	1.00000000	1.00000000	0.03379319	0.11782579	0.03169720	
11.00000000	0.00725760	1.00000000	1.00000000	0.99436823	0.01122520	0.08283513	0.03971979	
11.00000000	0.00725760	1.00000000	1.00000000	0.95905379	0.01122520	0.14137316	0.04011501	
12.00000000	0.12284025	1.00000000	1.00000000	1.00000000	0.00784943	0.20683302	0.05372968	
12.00000000	0.00725760	1.00000000	1.00000000	1.00000000	0.01122520	0.09966631	0.00239221	
12.00000000	0.00725760	1.00000000	1.00000000	0.94953802	0.03696399	0.08222362	0.03132645	
12.00000000	0.03273455	1.00000000	1.00000000	1.00000000	0.01122520	0.16139019	0.01493449	
13.00000000	0.03357836	1.00000000	1.00000000	0.98367041	0.01122520	0.06910117	0.06328669	
13.00000000	0.04645874	1.00000000	1.00000000	1.00000000	0.14491687	0.12367649	0.02896837	
13.00000000	0.01562722	1.00000000	1.00000000	1.00000000	0.00923522	0.09512078	0.02840806	
13.00000000	0.05686834	1.00000000	1.00000000	0.94011113	0.04375124	0.10572671	0.09463260	
14.00000000	0.01562720	1.00000000	1.00000000	1.00000000	0.02667864	0.03923076	0.04965186	
14.00000000	0.01562720	1.00000000	1.00000000	1.00000000	0.02667864	0.03923076	0.04965186	
14.00000000	0.01562720	1.00000000	1.00000000	1.00000000	0.02667864	0.03923076	0.04965186	
14.00000000	0.01562720	1.00000000	1.00000000	1.00000000	0.02667864	0.03923076	0.04965186	
15.00000000	0.04381279	1.00000000	1.00000000	0.99387719	0.00923520	0.10724098	0.02840810	
15.00000000	0.00058935	1.00000000	1.00000000	1.00000000	0.00613741	0.07955599	0.02520091	
15.00000000	0.03388537	1.00000000	1.00000000	0.96569861	0.01807220	0.03733381	0.01490690	
15.00000000	0.01562720	1.00000000	1.00000000	0.98241287	0.00923520	0.09180497	0.02840810	
16.00000000	0.05500297	1.00000000	1.00000000	1.00000000	0.03590443	0.07011125	0.01495069	
16.00000000	0.05646767	1.00000000	1.00000000	1.00000000	0.00923520	0.08366276	0.01506332	
16.00000000	0.05457116	1.00000000	1.00000000	1.00000000	0.01374786	0.09176250	0.02085139	
16.00000000	0.00172223	1.00000000	1.00000000	1.00000000	0.00923520	0.11987437	0.02840810	
17.00000000	0.00536036	1.00000000	1.00000000	0.93901493	0.01265181	0.11068979	0.01399815	
17.00000000	0.01562720	1.00000000	1.00000000	0.99078900	0.03708916	0.08761790	0.02840810	
17.00000000	0.02887312	1.00000000	1.00000000	0.96798940	0.00923520	0.11348498	0.04454143	
17.00000000	0.01562720	1.00000000	1.00000000	0.98594293	0.00923520	0.10298211	0.07175148	
18.00000000	0.06936634	1.00000000	1.00000000	0.99759623	0.00923520	0.08438272	0.02840810	
18.00000000	0.02281884	1.00000000	1.00000000	1.00000000	0.00923520	0.11187873	0.05332961	
18.00000000	0.03361566	1.00000000	1.00000000	0.99078083	0.03645063	0.12691319	0.11227358	
18.00000000	0.03782817	1.00000000	1.00000000	1.00000000	0.03538878	0.07147340	0.07127944	
19.00000000	0.00283413	1.00000000	1.00000000	0.99135967	0.00923520	0.07821038	0.01260414	
19.00000000	0.01562720	1.00000000	1.00000000	0.93981130	0.04795293	0.09888810	0.07545350	
19.00000000	0.01562720	1.00000000	1.00000000	0.94214412	0.03431903	0.08813547	0.02840810	
19.00000000	0.05248205	1.00000000	1.00000000	0.95480107	0.00923520	0.01847741	0.02840810	
20.00000000	0.05388807	1.00000000	1.00000000	1.00000000	0.03878971	0.06615654	0.12547485	
20.00000000	0.01271843	1.00000000	1.00000000	1.00000000	0.00923520	0.12734508	0.02840810	
20.00000000	0.00273338	1.00000000	1.00000000	1.00000000	0.00923520	0.11569318	0.03797266	
20.00000000	0.07647275	1.00000000	1.00000000	1.00000000	0.04559497	0.06780434	0.04772305	
21.00000000	0.03897923	1.00000000	1.00000000	1.00000000	0.04511949	0.03626964	0.00563856	
21.00000000	0.01562720	1.00000000	1.00000000	0.99599340	0.07898021	0.11283962	0.01571769	
21.00000000	0.06110596	1.00000000	1.00000000	0.95443430	0.00923520	0.03837202	0.02840810	
21.00000000	0.01562720	1.00000000	1.00000000	0.98781645	0.00970855	0.05044709	0.04097024	
22.00000000	0.01562720	1.00000000	1.00000000	1.00000000	0.01767589	0.15283055	0.02840810	
22.00000000	0.00264994	1.00000000	1.00000000	0.94470934	0.00923520	0.09240294	0.00175157	
22.00000000	0.02660146	1.00000000	1.00000000	0.93103222	0.00923520	0.09512080	0.09404718	
22.00000000	0.01562720	1.00000000	1.00000000	0.98081075	0.00923520	0.06349468	0.04363380	
23.00000000	0.01562720	1.00000000	1.00000000	1.00000000	0.08134678	0.03277592	0.10732930	
23.00000000	0.00525410	1.00000000	1.00000000	1.00000000	0.00437829	0.13761829	0.04887384	
23.00000000	0.01562720	1.00000000	1.00000000	1.00000000	0.02190864	0.06702342	0.09668751	
23.00000000	0.04615132	1.00000000	1.00000000	0.97142509	0.00923520	0.09132235	0.10430179	
24.00000000	0.05889897	1.00000000	1.00000000	1.00000000	0.00923520	0.05893680	0.08200788	
24.00000000	0.02049193	1.00000000	1.00000000	0.98685285	0.00923520	0.08803740	0.01878960	
24.00000000	0.01562720	1.00000000	1.00000000	1.00000000	0.03083095	0.08959065	0.06746090	
24.00000000	0.03992488	1.00000000	1.00000000	1.00000000	0.03420799	0.10281222	0.02840810	
25.00000000	0.01117416	1.00000000	1.00000000	0.96547455	0.05723037	0.05292497	0.02060872	
25.00000000	0.01562720	1.00000000	1.00000000	1.00000000	0.06062998	0.01928538	0.05295928	
25.00000000	0.02473192	1.00000000	1.00000000	0.95256918	0.01019603	0.19449389	0.04036484	
25.00000000	0.11143632	1.00000000	1.00000000	0.98761696	0.01391047	0.09073022	0.01524938	
26.00000000	0.01562720	1.00000000	1.00000000	0.98932884	0.00923520	0.09461265	0.04732649	
26.00000000	0.01562720	1.00000000	1.00000000	1.00000000	0.00923520	0.16796410	0.02473000	
26.00000000	0.01562720	1.00000000	1.00000000	1.00000000	0.00923520	0.19978649	0.06675093	
26.00000000	0.02266601	1.00000000	1.00000000	1.00000000	0.03470927	0.06580719	0.04165947	
27.00000000	0.01562720	1.00000000	1.00000000	1.00000000	0.00923520	0.09154120	0.05395092	
27.00000000	0.09243097	1.00000000	1.00000000	0.98496018	0.11845186	0.10227191	0.13738130	
27.00000000	0.10260493	1.00000000	1.00000000	1.00000000	0.03720907	0.08424976	0.08851979	
27.00000000	0.01562720	1.00000000	1.00000000	1.00000000	0.00923520	0.02586041	0.04377793	
28.00000000	0.04200491	1.00000000	1.00000000	1.00000000	0.12467496	0.15572540	0.03860961	
28.00000000	0.01562720	1.00000000	1.00000000	0.95387855	0.00923520	0.09512080	0.00306703	
28.00000000	0.05660448	1.00000000	1.00000000	0.96582288	0.13144362	0.09512080	0.01741627	
28.00000000	0.01562720	1.00000000	1.00000000	0.98984705	0.01736407	0.06973654	0.10854333	
29.00000000	0.08088887	1.00000000	1.00000000	0.95878669	0.06855493	0.07810013	0.13154168	
29.00000000	0.01562720	1.00000000	1.00000000	1.00000000	0.05013404	0.05042119	0.00547776	
29.00000000	0.01562720	1.00000000	1.00000000	1.00000000	0.00923520	0.11674956	0.05800298	
29.00000000	0.01562720	1.00000000	1.00000000	1.00000000	0.05698542	0.14332379	0.05602606	
30.00000000	0.01424109	1.00000000	1.00000000	0.96113419	0.00923520	0.09512080	0.05644685	
30.00000000	0.05761928	1.00000000	1.00000000	0.94333385	0.00923520	0.08302629	0.02840810	
30.00000000	0.01562720	1.00000000	1.00000000	1.00000000	0.00923520	0.13882577	0.10729719	
30.00000000	0.01562720	1.00000000	1.00000000	1.00000000	0.08137326	0.10431949	0.03653293	
31.00000000	0.06314097	1.00000000	1.00000000	0.92818055	0.07508961	0.14218148	0.01313239	
31.00000000	0.05070576	1.00000000	1.00000000	0.94041211	0.00597379	0.23036845	0.04530280	
31.00000000	0.01562720	1.00000000	1.00000000	1.00000000	0.00923520	0.15942173	0.09127722	
31.00000000	0.01562720	1.00000000	1.00000000	1.00000000	0.06453604	0.19789423	0.11467509	
32.00000000	0.01790846	1.00000000	1.00000000	1.00000000	0.10067977	0.14893356	0.02840810	
32.00000000	0.05158364	1.00000000	1.00000000	0.88899153	0.00923520	0.14983206	0.02840810	
32.00000000	0.04035225	1.00000000	1.00000000	0.98711418	0.06513085	0.08962138	0.14207660	
32.00000000	0.00520018	1.00000000	1.00000000	1.00000000	0.00923520	0.09512080	0.02840810	
33.00000000	0.01562720	1.00000000	1.00000000	1.00000000	0.00921020	0.14702304	0.02840810	
33.00000000	0.15574363	1.00000000	1.00000000	1.00000000	0.03191666	0.04109034	0.02840810	
33.00000000	0.04210472	1.00000000	1.00000000	0.91464724	0.00923520	0.08148422	0.02840810	
33.00000000	0.06822632	1.00000000	1.00000000	1.00000000	0.00923520	0.15634910	0.02840810	
34.00000000	0.01562720	1.00000000	1.00000000	1.00000000	0.11036747	0.09890354	0.02581921	
34.00000000	0.01721209	1.00000000	1.00000000	0.93966452	0.08468763	0.26487669	0.02840810	
34.00000000	0.00176711	1.00000000	1.00000000	0.96315257	0.00923520	0.14387847	0.12946463	
34.00000000	0.05082349	1.00000000	1.00000000	1.00000000	0.00923520	0.05111905	0.11485183	
35.00000000	0.06109167	1.00000000	1.00000000	1.00000000	0.11314022	0.05599106	0.02840810	
35.00000000	0.01562720	1.00000000	1.00000000	0.94875948	0.00923520	0.18393119	0.09533538	
35.00000000	0.01562720	1.00000000	1.00000000	0.97677420	0.10844316	0.06779164	0.02840810	
35.00000000	0.01569080	1.00000000	1.00000000	1.00000000	0.14053289	0.03639083	0.02840810	
36.00000000	0.00810475	1.00000000	1.00000000	0.90252152	0.10273710	0.09512080	0.10004102	
36.00000000	0.03867333	1.00000000	1.00000000	0.98836314	0.00923520	0.13822769	0.16293506	
36.00000000	0.01562720	1.00000000	1.00000000	1.00000000	0.03383214	0.06539613	0.05072512	
36.00000000	0.14501318	1.00000000	1.00000000	1.00000000	0.00923520	0.06008894	0.02840810	
37.00000000	0.01562720	1.00000000	1.00000000	1.00000000	0.09968862	0.13252022	0.02840810	
37.00000000	0.08665778	1.00000000	1.00000000	0.95261926	0.00923520	0.01190114	0.10655234	
37.00000000	0.11774796	1.00000000	1.00000000	0.96195155	0.00923520	0.11015163	0.02840810	
37.00000000	0.01562720	1.00000000	1.00000000	1.00000000	0.01610868	0.07459870	0.11450162	
38.00000000	0.01562720	1.00000000	1.00000000	1.00000000	0.00923520	0.03377495	0.02840810	
38.00000000	0.01135346	1.00000000	1.00000000	1.00000000	0.00923520	0.10152078	0.03768937	
38.00000000	0.01562720	1.00000000	1.00000000	0.99302766	0.04096682	0.07476644	0.02840810	
38.00000000	0.01562720	1.00000000	1.00000000	0.96632125	0.04470299	0.14400706	0.00544336	
39.00000000	0.01562720	1.00000000	1.00000000	1.00000000	0.02459300	0.13803237	0.09099546	
39.00000000	0.01562720	1.00000000	1.00000000	0.91432339	0.01856663	0.00215393	0.02840810	
39.00000000	0.06558733	1.00000000	1.00000000	0.95863356	0.00923520	0.35691534	0.02840810	
39.00000000	0.01562720	1.00000000	1.00000000	0.92202951	0.04873587	0.09199459	0.02840810	
40.00000000	0.01562720	1.00000000	1.00000000	1.00000000	0.00505773	0.09512080	0.02840810	
40.00000000	0.01562720	1.00000000	1.00000000	1.00000000	0.01409354	0.09512080	0.02840810	
40.00000000	0.05687003	1.00000000	1.00000000	0.86907448	0.18061257	0.09512080	0.02840810	
40.00000000	0.01562720	1.00000000	1.00000000	0.93077787	0.06008501	0.13367488	0.02840810	
41.00000000	0.01562720	1.00000000	1.00000000	1.00000000	0.01064621	0.09512080	0.02840810	
41.00000000	0.01562720	1.00000000	1.00000000	1.00000000	0.01064621	0.09512080	0.02840810	
41.00000000	0.01562720	1.00000000	1.00000000	1.00000000	0.01064621	0.09512080	0.02840810	
41.00000000	0.01562720	1.00000000	1.00000000	1.00000000	0.01064621	0.09512080	0.02840810	
42.00000000	0.08027511	1.00000000	1.00000000	0.99748936	0.00505770	0.08936776	0.04972767	
42.00000000	0.00590893	1.00000000	1.00000000	1.00000000	0.00955391	0.10167629	0.02681360	
42.00000000	0.01562720	1.00000000	1.00000000	1.00000000	0.00505770	0.10987548	0.02840810	
42.00000000	0.01562720	1.00000000	1.00000000	0.92205228	0.00505770	0.04654456	0.02840810	
43.00000000	0.01562720	1.00000000	1.00000000	1.00000000	0.00505770	0.10987550	0.02840810	
43.00000000	0.01562720	1.00000000	1.00000000	1.00000000	0.00505770	0.10987550	0.02840810	
43.00000000	0.01562720	1.00000000	1.00000000	1.00000000	0.00505770	0.10987550	0.02840810	
43.00000000	0.01562720	1.00000000	1.00000000	1.00000000	0.00505770	0.10987550	0.02840810	
44.00000000	0.01562720	1.00000000	1.00000000	1.00000000	0.00505770	0.10987550	0.02840810	
44.00000000	0.01562720	1.00000000	1.00000000	1.00000000	0.00505770	0.10987550	0.02840810	
44.00000000	0.01562720	1.00000000	1.00000000	1.00000000	0.00505770	0.10987550	0.02840810	
44.00000000	0.01562720	1.00000000	1.00000000	1.00000000	0.00505770	0.10987550	0.02840810	
45.00000000	0.01562720	1.00000000	1.00000000	1.00000000	0.00505770	0.10987550	0.02840810	
45.00000000	0.01562720	1.00000000	1.00000000	1.00000000	0.00505770	0.10987550	0.02840810	
45.00000000	0.01562720	1.00000000	1.00000000	1.00000000	0.00505770	0.10987550	0.02840810	
45.00000000	0.01562720	1.00000000	1.00000000	1.00000000	0.00505770	0.10987550	0.02840810	
46.00000000	0.02329326	1.00000000	1.00000000	0.93308798	0.00505770	0.10900074	0.04450662	
46.00000000	0.00589778	1.00000000	1.00000000	0.97279726	0.00505770	0.14659951	0.03827649	
46.00000000	0.04776533	1.00000000	1.00000000	0.98267585	0.00428931	0.10682768	0.06765092	
46.00000000	0.00545427	1.00000000	1.00000000	0.96600451	0.00505770	0.09143551	0.01894276	
47.00000000	0.00016081	1.00000000	1.00000000	0.97104938	0.00505770	0.07687098	0.04829841	
47.00000000	0.06136376	1.00000000	1.00000000	0.99827182	0.02739074	0.07313777	0.06632096	
47.00000000	0.01562720	1.00000000	1.00000000	1.00000000	0.02958853	0.12295904	0.02659468	
47.00000000	0.01547279	1.00000000	1.00000000	1.00000000	0.00505770	0.12185846	0.03260987	
48.00000000	0.01562720	1.00000000	1.00000000	0.95546401	0.00882778	0.12648326	0.02840810	
48.00000000	0.01727337	1.00000000	1.00000000	1.00000000	0.03017615	0.09995923	0.05839272	
48.00000000	0.05133733	1.00000000	1.00000000	0.98762850	0.00505770	0.10877505	0.04036768	
48.00000000	0.01562720	1.00000000	1.00000000	1.00000000	0.03238799	0.12454842	0.11101074	
49.00000000	0.00844184	1.00000000	1.00000000	1.00000000	0.04259254	0.10480521	0.03659140	
49.00000000	0.00842368	1.00000000	1.00000000	0.99016611	0.04862264	0.10801234	0.03870510	
49.00000000	0.01404979	1.00000000	1.00000000	1.00000000	0.00505770	0.14732553	0.06922873	
49.00000000	0.02009906	1.00000000	1.00000000	1.00000000	0.05542333	0.11462006	0.01020000	
50.00000000	0.01562720	1.00000000	1.00000000	0.96531471	0.00505770	0.02580321	0.03005863	
50.00000000	0.01025337	1.00000000	1.00000000	0.96526258	0.00505770	0.09017574	0.02840810	
50.00000000	0.05719467	1.00000000	1.00000000	0.97428424	0.00505770	0.14303682	0.02606641	
50.00000000	0.08603394	1.00000000	1.00000000	1.00000000	0.06416180	0.12498914	0.02840810	
