1 	 3 0.1616282637709007
2 	 3 0.16116339124960952
3 	 4 0.1608595224593114
4 	 4 0.16062085513417218
5 	 3 0.16144505430738518
6 	 3 0.15968384509756448
7 	 1 0.5618509057533362
8 	 3 0.1594100830929458
9 	 2 0.2145409254144602
10 	 4 0.15966101019358805
11 	 4 0.16081852541602595
12 	 4 0.1606981746065208
13 	 2 0.16055811423177957
14 	 2 0.16529413986907535
15 	 1 0.16791661918781384
16 	 3 0.165947320532301
17 	 2 0.16058261455426384
18 	 2 0.15976934676827773
19 	 1 0.1611115184970641
20 	 4 0.1647902389723659
21 	 1 0.16176339233199058
22 	 1 0.15978128352403703
23 	 1 0.1615975171390571
24 	 4 0.1603483283519065
25 	 2 0.17019796551789687
26 	 3 0.17209341347465792
27 	 4 0.16145197269687375
28 	 1 0.16371056360597655
29 	 2 0.16208963227521556
30 	 2 0.16360046702081257
31 	 4 0.1580218397400601
32 	 1 10
33 	 1 10
34 	 3 0.15886234442740932
35 	 2 0.15862291122795152
36 	 3 0.15861117879978587
37 	 4 0.1586600365654227
38 	 2 0.158604229065841
39 	 4 0.15978469332698197
40 	 4 0.1600535408093203
41 	 1 0.16664472716416176
42 	 3 0.158910002578604
43 	 2 0.16238853766281194
44 	 4 0.162932008608759
45 	 4 0.1634249778227833
46 	 1 0.16817524060509556
47 	 2 0.16286210878820825
48 	 2 0.15959614361283433
49 	 3 0.16015758031624086
50 	 1 0.1652080181436535
