1 	 1 0.018558838923343108
2 	 4 0.5605613327196207
3 	 2 0.01757802283297916
4 	 4 0.018705139703168405
5 	 4 0.0205555049734584
6 	 2 0.01853193250774188
7 	 4 0.02730944182539645
8 	 2 0.02028727782296936
9 	 4 0.0200613296888742
10 	 1 0.021949031022320927
11 	 4 0.031651441162396
12 	 4 0.019754791416543432
13 	 1 0.025602036871617512
14 	 1 0.03732089573263309
15 	 2 0.029222470318263243
16 	 4 0.022983524003424245
17 	 4 0.029106876501499217
18 	 1 0.03810506680462486
19 	 1 0.015433552712167913
20 	 1 0.579115551002782
21 	 1 0.015655038047495684
22 	 4 0.01971725710305206
23 	 2 0.018256346793973716
24 	 3 0.03597362639975852
25 	 1 0.025420240060477096
26 	 2 0.03479566813071748
27 	 4 0.01601897289876021
28 	 4 0.019208250463545105
29 	 2 0.021189050813971832
30 	 3 0.0302998381088494
31 	 3 0.021198330871717488
32 	 1 0.017069454341667872
33 	 4 0.02106583095504421
34 	 1 0.034541491400721616
35 	 2 0.015071635265932208
36 	 3 0.015715912316977193
37 	 2 0.015838715943557385
38 	 4 0.028587142468093973
39 	 1 0.03151860050516282
40 	 1 0.015511127112557413
41 	 1 0.024577793297549336
42 	 2 0.015239967357608733
43 	 3 0.023353753253978617
44 	 1 0.024583713696138272
45 	 2 0.023365252678112902
46 	 2 0.03848751606563265
47 	 1 0.036715164395563944
48 	 3 0.02245862139080437
49 	 2 0.02554541258994949
50 	 4 0.01998420011930907
