1 	 4 0.15384616606599358
2 	 4 0.35403874770703714
3 	 2 0.11605221851223527
4 	 1 0.11663302008449432
5 	 4 0.12038261573208774
6 	 4 0.09437740157351203
7 	 2 0.09493905958736186
8 	 3 0.08833984358385105
9 	 1 0.1714978276530416
10 	 4 0.08827861701514614
11 	 3 0.21455704328528408
12 	 4 0.08387074456471107
13 	 2 0.08464011552730355
14 	 2 0.0821521911646254
15 	 3 0.08231936649674045
16 	 2 0.07539584782350342
17 	 2 0.07430935511730365
18 	 3 0.07620969747014311
19 	 4 0.07625114842269447
20 	 4 0.07726935260852331
21 	 4 0.07703855256794466
22 	 2 0.07884972524433224
23 	 3 0.07865360298243615
24 	 3 0.07124146476640633
25 	 4 0.06749939346280542
26 	 1 0.07069086351209951
27 	 3 0.06853188495614629
28 	 4 0.06880363143913273
29 	 1 0.07176021639409105
30 	 1 0.06844603157345022
31 	 2 0.07797567439714768
32 	 3 0.08077047509634226
33 	 1 0.07845069274158217
34 	 3 0.06959654704993486
35 	 4 0.06722001563629013
36 	 1 0.07055274609457356
37 	 1 0.06544680599568138
38 	 2 0.2585466113273871
39 	 1 0.06348876435050065
40 	 2 0.06156288010820351
41 	 3 0.060962663947661776
42 	 1 0.060112184669478236
43 	 3 0.06193989564790566
44 	 1 0.061649869266548626
45 	 4 0.06230117800686122
46 	 4 0.06114187976373866
47 	 4 0.06644215866096011
48 	 1 0.06955768683461122
49 	 1 0.060919315134039656
50 	 3 0.06452644396445685
