1 	 2 0.060012484408080394
2 	 1 0.05495061999128905
3 	 2 0.05610840010378542
4 	 1 0.03300754491001677
5 	 4 0.03063612657041994
6 	 3 0.02791088660385549
7 	 3 0.02642981352580506
8 	 4 0.029123346727070173
9 	 1 0.032654953235477645
10 	 3 0.02620483585899339
11 	 3 0.021810947690218508
12 	 1 0.022586944529384638
13 	 3 0.030709043090255357
14 	 1 0.030765944579826676
15 	 3 0.02951526113117156
16 	 3 0.02335976022455984
17 	 1 0.02395804512805856
18 	 1 0.024017399467059358
19 	 2 0.025822279317223674
20 	 4 0.04246282742912518
21 	 4 0.02833384172335107
22 	 4 0.022245771330793005
23 	 3 0.032867933191869404
24 	 1 0.09184333022856675
25 	 2 0.052662036024948226
26 	 4 0.032261463761690194
27 	 2 0.051402281997072974
28 	 3 0.04169699124806952
29 	 2 0.02749281253129581
30 	 2 0.03310929700456056
31 	 1 0.10455324538354058
32 	 1 0.04339548510699931
33 	 3 0.028378098658096564
34 	 1 0.04248731733427108
35 	 2 0.03510133235395961
36 	 3 0.03476067118398731
37 	 1 0.03438889406559306
38 	 3 0.03270220019502646
39 	 3 0.0246407304255739
40 	 3 0.04712764741147269
41 	 4 0.04037767283162728
42 	 3 0.07145309465756829
43 	 1 0.027396399045579126
44 	 1 0.021880191232476375
45 	 4 0.08022636111751429
46 	 4 0.036145917986581406
47 	 1 0.08109014985587186
48 	 3 0.12519996231071714
49 	 4 0.083588306626764
50 	 1 0.08134262523385419
