1 	 2 0.03972096416230806
2 	 2 0.08462638377024317
3 	 1 0.006053786463652467
4 	 3 0.021143400398697297
5 	 3 0.024418880262328756
6 	 2 0.03443607777443295
7 	 2 0.06065298850054126
8 	 3 0.059111989721314546
9 	 2 0.07421646848174665
10 	 2 0.059923523470781954
11 	 1 0.031055838446329764
12 	 4 0.02046571942782108
13 	 1 0.03422814029661813
14 	 2 0.08574169860065045
15 	 4 0.09783231874137861
16 	 3 0.09432616947140712
17 	 2 0.1058068064980713
18 	 2 0.049085484940269035
19 	 2 0.13340569492628956
20 	 3 0.13545284778160413
21 	 3 0.1197714231446419
22 	 1 0.1948160607182726
23 	 3 0.021656809475493727
24 	 4 0.027498295055320365
25 	 2 0.11266164435256737
26 	 4 0.14978287201073676
27 	 2 0.07474014986231291
28 	 2 0.10728816483531935
29 	 4 0.011276676229679186
30 	 3 0.009249346795679347
31 	 3 0.013359190286429906
32 	 4 0.047308408109475085
33 	 4 0.12212880232708827
34 	 1 0.06759838163776556
35 	 2 0.04672758918729568
36 	 3 0.03864166365869269
37 	 3 0.009588188983637173
38 	 1 0.05612496189859646
39 	 2 0.08291972245750158
40 	 1 0.17617744018377737
41 	 1 0.13116332598226071
42 	 2 0.15971628682666225
43 	 1 0.06963279776165703
44 	 1 0.03924053858119619
45 	 1 0.1525186568274179
46 	 3 0.1594826279518071
47 	 1 0.03883893154275269
48 	 2 0.028221622589252957
49 	 3 0.2529835015652547
50 	 3 0.10483308607042535
