1 	 3 0.19494964287711375
2 	 1 10
3 	 3 0.18781437648649935
4 	 4 0.20016181251206253
5 	 2 0.20342174078433214
6 	 3 0.21715150898007038
7 	 2 0.2149349763806012
8 	 2 0.1795888325795416
9 	 2 0.2177052843762041
10 	 3 0.1865298317528876
11 	 2 0.16930379412169405
12 	 3 0.16691381665349936
13 	 3 0.17434525533583917
14 	 1 0.22041299046798987
15 	 2 0.17148800884178397
16 	 2 0.17893574399358406
17 	 1 0.19540167610364378
18 	 4 0.1854919948692637
19 	 1 0.18468546705588365
20 	 4 0.16420902169996246
21 	 4 0.16910707143006723
22 	 3 0.1992584794533052
23 	 4 0.19368568697022687
24 	 1 0.17217954476551076
25 	 4 0.19061841749371852
26 	 3 0.17271509231100893
27 	 3 0.17049565826262786
28 	 2 0.17539201934347648
29 	 1 0.2014452544132548
30 	 1 0.21433324422403377
31 	 2 0.16914039867705322
32 	 3 0.2071806893708606
33 	 1 0.16869784792504097
34 	 1 0.2191380830311359
35 	 2 0.17135522129346245
36 	 4 0.20026172721575564
37 	 4 0.22709643268193216
38 	 4 0.17957814018869298
39 	 3 0.18569414177306154
40 	 4 0.17028058896018095
41 	 4 0.2312731357465517
42 	 3 0.20964734052731313
43 	 4 0.16989727827721413
44 	 2 0.1988348368766056
45 	 1 0.21477654039715877
46 	 1 0.19921046296030956
47 	 3 0.18433130701583425
48 	 4 0.20604016902685623
49 	 1 0.2829713694026981
50 	 1 0.2296873953417169
