1.00000000	0.00065738	1.00000000	1.00000000	0.68215922	0.04704275	0.06295299	0.07853518	
1.00000000	0.03288240	1.00000000	1.00000000	0.70707664	0.05069400	0.01021117	0.07342721	
1.00000000	0.00000000	1.00000000	1.00000000	0.72177685	0.02519209	0.02709992	0.11881855	
1.00000000	0.00000000	1.00000000	1.00000000	0.70360449	0.06797285	0.04154137	0.08367207	
2.00000000	0.00000000	1.00000000	1.00000000	0.72177667	0.02519210	0.02709990	0.11881860	
2.00000000	0.00000000	1.00000000	1.00000000	0.72177667	0.02519210	0.02709990	0.11881860	
2.00000000	0.00000000	1.00000000	1.00000000	0.72177667	0.02519210	0.02709990	0.11881860	
2.00000000	0.00000000	1.00000000	1.00000000	0.72177667	0.02519210	0.02709990	0.11881860	
3.00000000	0.00000000	1.00000000	1.00000000	0.73693856	0.02519210	0.03873484	0.13799680	
3.00000000	0.00000000	1.00000000	1.00000000	0.71145642	0.03887615	0.01372720	0.12318432	
3.00000000	0.00000000	1.00000000	1.00000000	0.76145781	0.06954742	0.03185684	0.12633336	
3.00000000	0.02476572	1.00000000	1.00000000	0.76212019	0.02519210	0.04993256	0.14134204	
4.00000000	0.02476570	1.00000000	1.00000000	0.76212000	0.02519210	0.04993260	0.14134200	
4.00000000	0.02476570	1.00000000	1.00000000	0.76212000	0.02519210	0.04993260	0.14134200	
4.00000000	0.02476570	1.00000000	1.00000000	0.76212000	0.02519210	0.04993260	0.14134200	
4.00000000	0.02476570	1.00000000	1.00000000	0.76212000	0.02519210	0.04993260	0.14134200	
5.00000000	0.02476570	1.00000000	1.00000000	0.76212000	0.02519210	0.04993260	0.14134200	
5.00000000	0.02476570	1.00000000	1.00000000	0.76212000	0.02519210	0.04993260	0.14134200	
5.00000000	0.02476570	1.00000000	1.00000000	0.76212000	0.02519210	0.04993260	0.14134200	
5.00000000	0.02476570	1.00000000	1.00000000	0.76212000	0.02519210	0.04993260	0.14134200	
6.00000000	0.02476570	1.00000000	1.00000000	0.76212000	0.02519210	0.04993260	0.14134200	
6.00000000	0.02476570	1.00000000	1.00000000	0.76212000	0.02519210	0.04993260	0.14134200	
6.00000000	0.02476570	1.00000000	1.00000000	0.76212000	0.02519210	0.04993260	0.14134200	
6.00000000	0.02476570	1.00000000	1.00000000	0.76212000	0.02519210	0.04993260	0.14134200	
7.00000000	0.05245904	1.00000000	1.00000000	0.75566594	0.04157333	0.03913179	0.12542094	
7.00000000	0.02476570	1.00000000	1.00000000	0.78371099	0.02519210	0.05732218	0.10729056	
7.00000000	0.02476570	1.00000000	1.00000000	0.77759845	0.04594089	0.07320106	0.12748901	
7.00000000	0.06706196	1.00000000	1.00000000	0.75728892	0.02922674	0.08136785	0.12634097	
8.00000000	0.01291998	1.00000000	1.00000000	0.76706564	0.01645664	0.05127196	0.13801018	
8.00000000	0.00277444	1.00000000	1.00000000	0.72749223	0.00354796	0.04993260	0.13167676	
8.00000000	0.03514814	1.00000000	1.00000000	0.78183666	0.04000776	0.07354547	0.13226739	
8.00000000	0.01800741	1.00000000	1.00000000	0.74990502	0.05426365	0.05950251	0.15075488	
9.00000000	0.00707356	1.00000000	1.00000000	0.72749200	0.00919102	0.04993260	0.76386767	
9.00000000	0.00707356	1.00000000	1.00000000	0.72749200	0.00919102	0.04993260	0.76386767	
9.00000000	0.00707356	1.00000000	1.00000000	0.72749200	0.00919102	0.04993260	0.76386767	
9.00000000	0.00707356	1.00000000	1.00000000	0.72749200	0.00919102	0.04993260	0.76386767	
10.00000000	0.00707360	1.00000000	1.00000000	0.72749200	0.00919100	0.04993260	0.76386770	
10.00000000	0.00707360	1.00000000	1.00000000	0.72749200	0.00919100	0.04993260	0.76386770	
10.00000000	0.00707360	1.00000000	1.00000000	0.72749200	0.00919100	0.04993260	0.76386770	
10.00000000	0.00707360	1.00000000	1.00000000	0.72749200	0.00919100	0.04993260	0.76386770	
11.00000000	0.03863860	1.00000000	1.00000000	0.76818747	0.00919100	0.05373905	0.76368060	
11.00000000	0.01043125	1.00000000	1.00000000	0.75116954	0.02990558	0.05608552	0.80172799	
11.00000000	0.03235549	1.00000000	1.00000000	0.69280983	0.01901147	0.04993260	0.72802490	
11.00000000	0.00707360	1.00000000	1.00000000	0.72014551	0.00919100	0.10432456	0.71975678	
12.00000000	0.00707360	1.00000000	1.00000000	0.72253057	0.00919100	0.10432460	0.12027248	
12.00000000	0.00707360	1.00000000	1.00000000	0.72253057	0.00919100	0.10432460	0.12027248	
12.00000000	0.00707360	1.00000000	1.00000000	0.72253057	0.00919100	0.10432460	0.12027248	
12.00000000	0.00707360	1.00000000	1.00000000	0.72253057	0.00919100	0.10432460	0.12027248	
13.00000000	0.01303983	1.00000000	1.00000000	0.73250108	0.01515091	0.09475590	0.67870281	
13.00000000	0.00836520	1.00000000	1.00000000	0.72607062	0.02882363	0.08205058	0.79652815	
13.00000000	0.00707360	1.00000000	1.00000000	0.72639129	0.01833600	0.12822517	0.67743196	
13.00000000	0.00707360	1.00000000	1.00000000	0.74825006	0.01401699	0.11183317	0.70458351	
14.00000000	0.00975371	1.00000000	1.00000000	0.73919158	0.02782254	0.10649846	0.71378114	
14.00000000	0.02420324	1.00000000	1.00000000	0.73528639	0.04013278	0.09794512	0.70796082	
14.00000000	0.00707360	1.00000000	1.00000000	0.73771802	0.02043730	0.07223663	0.75792111	
14.00000000	0.00707360	1.00000000	1.00000000	0.77667633	0.00919100	0.11097675	0.69936473	
15.00000000	0.00707360	1.00000000	1.00000000	0.78076151	0.00919100	0.06487283	0.76564697	
15.00000000	0.00368960	1.00000000	1.00000000	0.65098704	0.04736395	0.06117492	0.72652036	
15.00000000	0.00707360	1.00000000	1.00000000	0.72623540	0.00919100	0.09862912	0.71583295	
15.00000000	0.00707360	1.00000000	1.00000000	0.74284921	0.00856431	0.09249993	0.76913262	
16.00000000	0.00707360	1.00000000	1.00000000	0.74284933	0.04741372	0.02714082	0.76913260	
16.00000000	0.00707360	1.00000000	1.00000000	0.74284933	0.04741372	0.02714082	0.76913260	
16.00000000	0.00707360	1.00000000	1.00000000	0.74284933	0.04741372	0.02714082	0.76913260	
16.00000000	0.00707360	1.00000000	1.00000000	0.74284933	0.04741372	0.02714082	0.76913260	
17.00000000	0.00807131	1.00000000	1.00000000	0.75016643	0.00856430	0.11323521	0.79641110	
17.00000000	0.00406063	1.00000000	1.00000000	0.73714453	0.01754495	0.11513425	0.78647810	
17.00000000	0.03785908	1.00000000	1.00000000	0.74356087	0.07262401	0.13020281	0.78204519	
17.00000000	0.01177727	1.00000000	1.00000000	0.75605458	0.02162118	0.10052507	0.80168706	
18.00000000	0.00807130	1.00000000	1.00000000	0.75016667	0.00856430	0.11323520	0.79641110	
18.00000000	0.00807130	1.00000000	1.00000000	0.75016667	0.00856430	0.11323520	0.79641110	
18.00000000	0.00807130	1.00000000	1.00000000	0.75016667	0.00856430	0.11323520	0.79641110	
18.00000000	0.00807130	1.00000000	1.00000000	0.75016667	0.00856430	0.11323520	0.79641110	
19.00000000	0.00162997	1.00000000	1.00000000	0.84372085	0.02858238	0.11172672	0.83739616	
19.00000000	0.00807130	1.00000000	1.00000000	0.75849982	0.04732988	0.08437472	0.81697114	
19.00000000	0.00807130	1.00000000	1.00000000	0.75626292	0.04731650	0.12781730	0.72553178	
19.00000000	0.00807130	1.00000000	1.00000000	0.75460667	0.01982131	0.07150618	0.79996779	
20.00000000	0.03031402	1.00000000	1.00000000	0.74182892	0.02649902	0.13935916	0.80886720	
20.00000000	0.01302499	1.00000000	1.00000000	0.72311161	0.03344153	0.11952185	0.80330404	
20.00000000	0.02704605	1.00000000	1.00000000	0.74760995	0.03859014	0.11028393	0.81384714	
20.00000000	0.04626023	1.00000000	1.00000000	0.75629994	0.00856430	0.10695919	0.83451158	
21.00000000	0.06305940	1.00000000	1.00000000	0.75179259	0.00856430	0.06696046	0.78298162	
21.00000000	0.00807130	1.00000000	1.00000000	0.79272582	0.01491565	0.08135795	0.79015454	
21.00000000	0.01463733	1.00000000	1.00000000	0.77168719	0.01991035	0.05860636	0.80751024	
21.00000000	0.04086374	1.00000000	1.00000000	0.76572866	0.06055661	0.12253529	0.75219698	
22.00000000	0.03962543	1.00000000	1.00000000	0.71771383	0.05670860	0.14474651	0.76434902	
22.00000000	0.01179745	1.00000000	1.00000000	0.79985719	0.00856430	0.07056970	0.82069690	
22.00000000	0.00807130	1.00000000	1.00000000	0.70740090	0.00856430	0.08894073	0.85133542	
22.00000000	0.04955826	1.00000000	1.00000000	0.75203246	0.00345543	0.14093276	0.81885162	
23.00000000	0.01179740	1.00000000	1.00000000	0.79985733	0.00856430	0.00250884	0.82069690	
23.00000000	0.01179740	1.00000000	1.00000000	0.79985733	0.00856430	0.00250884	0.82069690	
23.00000000	0.01179740	1.00000000	1.00000000	0.79985733	0.00856430	0.00250884	0.82069690	
23.00000000	0.01179740	1.00000000	1.00000000	0.79985733	0.00856430	0.00250884	0.82069690	
24.00000000	0.02660609	1.00000000	1.00000000	0.83647145	0.00907317	0.03841037	0.82760654	
24.00000000	0.03188082	1.00000000	1.00000000	0.80758248	0.01799796	0.12395014	0.79419566	
24.00000000	0.01179740	1.00000000	1.00000000	0.82062725	0.04872871	0.11057921	0.77546963	
24.00000000	0.01179740	1.00000000	1.00000000	0.81045184	0.00856430	0.08106100	0.86496820	
25.00000000	0.01179740	1.00000000	1.00000000	0.81045200	0.00856430	0.08106100	0.86496820	
25.00000000	0.01179740	1.00000000	1.00000000	0.81045200	0.00856430	0.08106100	0.86496820	
25.00000000	0.01179740	1.00000000	1.00000000	0.81045200	0.00856430	0.08106100	0.86496820	
25.00000000	0.01179740	1.00000000	1.00000000	0.81045200	0.00856430	0.08106100	0.86496820	
26.00000000	0.01179740	1.00000000	1.00000000	0.81057837	0.06651794	0.10098580	0.84816014	
26.00000000	0.01179740	1.00000000	1.00000000	0.82829548	0.04975207	0.07499933	0.89474413	
26.00000000	0.01121973	1.00000000	1.00000000	0.85417672	0.03841456	0.05470433	0.85352066	
26.00000000	0.01789248	1.00000000	1.00000000	0.79481095	0.05017735	0.04398427	0.86904362	
27.00000000	0.02010776	1.00000000	1.00000000	0.78593529	0.01932795	0.05822383	0.84633133	
27.00000000	0.01179740	1.00000000	1.00000000	0.79778927	0.05655709	0.09549678	0.86125141	
27.00000000	0.01179740	1.00000000	1.00000000	0.80285151	0.01231886	0.12996962	0.86006774	
27.00000000	0.04924976	1.00000000	1.00000000	0.82000859	0.05241041	0.08092367	0.89641956	
28.00000000	0.01179740	1.00000000	1.00000000	0.76197648	0.04577200	0.06553439	0.91011125	
28.00000000	0.00565900	1.00000000	1.00000000	0.82977600	0.05458088	0.09385579	0.87019091	
28.00000000	0.00759401	1.00000000	1.00000000	0.83207718	0.03796016	0.09487217	0.86713351	
28.00000000	0.02195449	1.00000000	1.00000000	0.82557363	0.00941949	0.08248499	0.87042124	
29.00000000	0.03503807	1.00000000	1.00000000	0.78376387	0.03451474	0.07686114	0.88941611	
29.00000000	0.01179740	1.00000000	1.00000000	0.84291162	0.00856430	0.11796760	0.84374565	
29.00000000	0.00400502	1.00000000	1.00000000	0.83745963	0.00856430	0.08106100	0.89130744	
29.00000000	0.03158475	1.00000000	1.00000000	0.89481388	0.08486867	0.04670525	0.86859401	
30.00000000	0.01882591	1.00000000	1.00000000	0.72078000	0.03087423	0.11068815	0.87746143	
30.00000000	0.09614751	1.00000000	1.00000000	0.81108854	0.05765061	0.05890494	0.87159018	
30.00000000	0.02298534	1.00000000	1.00000000	0.86929063	0.00856430	0.14680451	0.93946042	
30.00000000	0.05145344	1.00000000	1.00000000	0.81548658	0.00856430	0.12493406	0.82206799	
31.00000000	0.01179740	1.00000000	1.00000000	0.76065683	0.05712916	0.09740704	0.81927698	
31.00000000	0.07577855	1.00000000	1.00000000	0.81441272	0.06184881	0.09227410	0.87161706	
31.00000000	0.01423107	1.00000000	1.00000000	0.78986607	0.00856430	0.06815123	0.85006698	
31.00000000	0.01179740	1.00000000	1.00000000	0.82970102	0.00856430	0.00394087	0.91806598	
32.00000000	0.01179740	1.00000000	1.00000000	0.80854430	0.06829786	0.11941943	0.84032106	
32.00000000	0.03430960	1.00000000	1.00000000	0.82723603	0.04316229	0.06628638	0.84582014	
32.00000000	0.00344538	1.00000000	1.00000000	0.88923380	0.03285628	0.03814165	0.90510724	
32.00000000	0.03712106	1.00000000	1.00000000	0.76677979	0.00856430	0.01889154	0.95465002	
33.00000000	0.00191532	1.00000000	1.00000000	0.82822647	0.00856430	0.04873736	0.78122899	
33.00000000	0.03610279	1.00000000	1.00000000	0.82650993	0.00856430	0.14706977	0.85715176	
33.00000000	0.04892960	1.00000000	1.00000000	0.82833341	0.00856430	0.06181878	0.86387531	
33.00000000	0.01179740	1.00000000	1.00000000	0.81688071	0.00856430	0.00592275	0.86438133	
34.00000000	0.00236101	1.00000000	1.00000000	0.75387017	0.00856430	0.00104912	0.82869775	
34.00000000	0.01179740	1.00000000	1.00000000	0.73989852	0.00856430	0.16755411	0.85690546	
34.00000000	0.08324703	1.00000000	1.00000000	0.93011611	0.00782347	0.15098399	0.91734423	
34.00000000	0.01179740	1.00000000	1.00000000	0.85852727	0.00856430	0.04598310	0.85706530	
35.00000000	0.01132600	1.00000000	1.00000000	0.74613936	0.00823815	0.08627401	0.82896458	
35.00000000	0.01179740	1.00000000	1.00000000	0.88278678	0.08890280	0.06874210	0.89036541	
35.00000000	0.01179740	1.00000000	1.00000000	0.80248727	0.00856430	0.03074713	0.90037532	
35.00000000	0.08080215	1.00000000	1.00000000	0.79142065	0.05163192	0.12516048	0.90871042	
36.00000000	0.06692678	1.00000000	1.00000000	0.90869987	0.00856430	0.13939559	0.86348402	
36.00000000	0.05883204	1.00000000	1.00000000	0.81406773	0.10306542	0.08106100	0.90315832	
36.00000000	0.06685165	1.00000000	1.00000000	0.83753650	0.05739312	0.06196464	0.92087911	
36.00000000	0.02829739	1.00000000	1.00000000	0.89028914	0.00856430	0.07269066	0.92620969	
37.00000000	0.01179740	1.00000000	1.00000000	0.70988530	0.00856430	0.07138718	0.88587111	
37.00000000	0.01211402	1.00000000	1.00000000	0.85106567	0.01656695	0.11732052	0.91733728	
37.00000000	0.09449380	1.00000000	1.00000000	0.80635718	0.00856430	0.06821612	0.89992325	
37.00000000	0.04402116	1.00000000	1.00000000	0.80858636	0.03855601	0.14060700	0.81989334	
38.00000000	0.06334994	1.00000000	1.00000000	0.81251887	0.00856430	0.06076823	0.77656034	
38.00000000	0.00109799	1.00000000	1.00000000	0.78201474	0.00856430	0.11016236	0.85811693	
38.00000000	0.01179740	1.00000000	1.00000000	0.84700312	0.00856430	0.12958930	0.93945311	
38.00000000	0.01263492	1.00000000	1.00000000	0.83734645	0.01715215	0.19747245	0.99193778	
39.00000000	0.01179740	1.00000000	1.00000000	0.78122628	0.00856430	0.08106100	0.78818298	
39.00000000	0.01179740	1.00000000	1.00000000	0.88250690	0.00856430	0.06756375	0.86596138	
39.00000000	0.13226349	1.00000000	1.00000000	0.85961100	0.00856430	0.10296550	0.77808908	
39.00000000	0.04416399	1.00000000	1.00000000	0.77986876	0.05512987	0.14205029	0.87934373	
40.00000000	0.13226350	1.00000000	1.00000000	0.85961133	0.00856430	0.10296550	0.01810554	
40.00000000	0.13226350	1.00000000	1.00000000	0.85961133	0.00856430	0.10296550	0.01810554	
40.00000000	0.13226350	1.00000000	1.00000000	0.85961133	0.00856430	0.10296550	0.01810554	
40.00000000	0.13226350	1.00000000	1.00000000	0.85961133	0.00856430	0.10296550	0.01810554	
41.00000000	0.13547490	1.00000000	1.00000000	0.85830674	0.00856430	0.07802557	0.79197991	
41.00000000	0.15070691	1.00000000	1.00000000	0.84259101	0.02969769	0.12496349	0.79358067	
41.00000000	0.10220747	1.00000000	1.00000000	0.85774762	0.02138421	0.11336796	0.80500342	
41.00000000	0.15017315	1.00000000	1.00000000	0.88270554	0.04515772	0.12348944	0.79323158	
42.00000000	0.14309781	1.00000000	1.00000000	0.87515714	0.03834310	0.13277385	0.76505422	
42.00000000	0.16691609	1.00000000	1.00000000	0.87375658	0.00856430	0.13583613	0.78082607	
42.00000000	0.16447346	1.00000000	1.00000000	0.90359952	0.00375787	0.05839903	0.79525982	
42.00000000	0.15683601	1.00000000	1.00000000	0.86415390	0.04965768	0.05894132	0.78291688	
43.00000000	0.16907052	1.00000000	1.00000000	0.81083857	0.00856430	0.09354433	0.81747646	
43.00000000	0.12391161	1.00000000	1.00000000	0.87535875	0.03367372	0.11236995	0.76108711	
43.00000000	0.11452810	1.00000000	1.00000000	0.81799207	0.00856430	0.12224638	0.78004882	
43.00000000	0.11017105	1.00000000	1.00000000	0.88178874	0.03126787	0.12019531	0.74769556	
44.00000000	0.13760118	1.00000000	1.00000000	0.92088184	0.02639824	0.11902818	0.81691087	
44.00000000	0.11548753	1.00000000	1.00000000	0.81610702	0.01433765	0.08776696	0.75776800	
44.00000000	0.10116988	1.00000000	1.00000000	0.84391746	0.08044338	0.05395294	0.78729793	
44.00000000	0.10573494	1.00000000	1.00000000	0.96042272	0.00856430	0.14634578	0.72652218	
45.00000000	0.13724431	1.00000000	1.00000000	0.83958376	0.00856430	0.03516047	0.73706312	
45.00000000	0.12109051	1.00000000	1.00000000	0.91216635	0.02470807	0.17116998	0.80564447	
45.00000000	0.08794552	1.00000000	1.00000000	0.85216649	0.00904993	0.12499743	0.81114507	
45.00000000	0.11000544	1.00000000	1.00000000	0.83555763	0.01588502	0.11580728	0.78443679	
46.00000000	0.12919619	1.00000000	1.00000000	0.84577873	0.00948690	0.06524915	0.79598763	
46.00000000	0.12426202	1.00000000	1.00000000	0.82501450	0.00856430	0.14064373	0.78392996	
46.00000000	0.07157454	1.00000000	1.00000000	0.85128739	0.12160524	0.16579426	0.67632757	
46.00000000	0.19481856	1.00000000	1.00000000	0.92975685	0.00856430	0.12525770	0.72609536	
47.00000000	0.06394708	1.00000000	1.00000000	0.81049267	0.01217543	0.10296550	0.78882992	
47.00000000	0.12974320	1.00000000	1.00000000	0.90791402	0.00856430	0.06483921	0.70813017	
47.00000000	0.11332283	1.00000000	1.00000000	0.81029929	0.00856430	0.07613418	0.73854494	
47.00000000	0.18520337	1.00000000	1.00000000	0.82363531	0.05589424	0.07789406	0.79864939	
48.00000000	0.05592473	1.00000000	1.00000000	0.85405368	0.00856430	0.10840680	0.80340679	
48.00000000	0.16026835	1.00000000	1.00000000	0.81489849	0.08496752	0.06606738	0.70370775	
48.00000000	0.11301764	1.00000000	1.00000000	0.87309918	0.00856430	0.04708786	0.75971009	
48.00000000	0.21792857	1.00000000	1.00000000	0.82837511	0.00856430	0.03026084	0.82849660	
49.00000000	0.17438341	1.00000000	1.00000000	0.91162383	0.05556065	0.13842517	0.79682732	
49.00000000	0.13800076	1.00000000	1.00000000	0.75570661	0.00856430	0.09362529	0.77228737	
49.00000000	0.21523217	1.00000000	1.00000000	0.87220743	0.04137563	0.14999596	0.74335674	
49.00000000	0.14709574	1.00000000	1.00000000	0.87921248	0.00460811	0.09810266	0.73269364	
50.00000000	0.14709570	1.00000000	1.00000000	0.87921267	0.00862555	0.14939560	0.11952337	
50.00000000	0.14709570	1.00000000	1.00000000	0.87921267	0.00862555	0.14939560	0.11952337	
50.00000000	0.14709570	1.00000000	1.00000000	0.87921267	0.00862555	0.14939560	0.11952337	
50.00000000	0.14709570	1.00000000	1.00000000	0.87921267	0.00862555	0.14939560	0.11952337	
1.00000000	0.01579736	1.00000000	1.00000000	0.66478321	0.02975850	0.04196022	0.14529122	
1.00000000	0.00000000	1.00000000	1.00000000	0.68029255	0.02500000	0.04580926	0.08904373	
1.00000000	0.00000000	1.00000000	1.00000000	0.65400944	0.02580539	0.01450863	0.05780840	
1.00000000	0.00068954	1.00000000	1.00000000	0.70193648	0.00116316	0.02813681	0.10558930	
2.00000000	0.00068950	1.00000000	1.00000000	0.70193667	0.00116320	0.02813680	0.10558930	
2.00000000	0.00068950	1.00000000	1.00000000	0.70193667	0.00116320	0.02813680	0.10558930	
2.00000000	0.00068950	1.00000000	1.00000000	0.70193667	0.00116320	0.02813680	0.10558930	
2.00000000	0.00068950	1.00000000	1.00000000	0.70193667	0.00116320	0.02813680	0.10558930	
3.00000000	0.00068950	1.00000000	1.00000000	0.70193667	0.00116320	0.02813680	0.10558930	
3.00000000	0.00068950	1.00000000	1.00000000	0.70193667	0.00116320	0.02813680	0.10558930	
3.00000000	0.00068950	1.00000000	1.00000000	0.70193667	0.00116320	0.02813680	0.10558930	
3.00000000	0.00068950	1.00000000	1.00000000	0.70193667	0.00116320	0.02813680	0.10558930	
4.00000000	0.00068950	1.00000000	1.00000000	0.66818990	0.00116320	0.04326515	0.13921858	
4.00000000	0.04438022	1.00000000	1.00000000	0.68882935	0.06806575	0.02813680	0.08136443	
4.00000000	0.00068950	1.00000000	1.00000000	0.74164605	0.00116320	0.04345960	0.09796346	
4.00000000	0.01236775	1.00000000	1.00000000	0.68548379	0.02432668	0.02813680	0.09971765	
5.00000000	0.00068950	1.00000000	1.00000000	0.74164600	0.00116320	0.04345960	0.39508267	
5.00000000	0.00068950	1.00000000	1.00000000	0.74164600	0.00116320	0.04345960	0.39508267	
5.00000000	0.00068950	1.00000000	1.00000000	0.74164600	0.00116320	0.04345960	0.39508267	
5.00000000	0.00068950	1.00000000	1.00000000	0.74164600	0.00116320	0.04345960	0.39508267	
6.00000000	0.05753357	1.00000000	1.00000000	0.74482449	0.00116320	0.05949814	0.06911851	
6.00000000	0.00068950	1.00000000	1.00000000	0.70240959	0.00740379	0.00847806	0.04736120	
6.00000000	0.00550258	1.00000000	1.00000000	0.75654901	0.00116320	0.05989806	0.09724804	
6.00000000	0.00068950	1.00000000	1.00000000	0.69410355	0.03286534	0.04124608	0.17655479	
7.00000000	0.00550260	1.00000000	1.00000000	0.75654933	0.00116320	0.05989810	0.09724800	
7.00000000	0.00550260	1.00000000	1.00000000	0.75654933	0.00116320	0.05989810	0.09724800	
7.00000000	0.00550260	1.00000000	1.00000000	0.75654933	0.00116320	0.05989810	0.09724800	
7.00000000	0.00550260	1.00000000	1.00000000	0.75654933	0.00116320	0.05989810	0.09724800	
8.00000000	0.00550260	1.00000000	1.00000000	0.75654933	0.00116320	0.05989810	0.09724800	
8.00000000	0.00550260	1.00000000	1.00000000	0.75654933	0.00116320	0.05989810	0.09724800	
8.00000000	0.00550260	1.00000000	1.00000000	0.75654933	0.00116320	0.05989810	0.09724800	
8.00000000	0.00550260	1.00000000	1.00000000	0.75654933	0.00116320	0.05989810	0.09724800	
9.00000000	0.04180666	1.00000000	1.00000000	0.78018104	0.00835960	0.06883800	0.05316514	
9.00000000	0.00550260	1.00000000	1.00000000	0.75768203	0.00116320	0.06131342	0.05026097	
9.00000000	0.00385352	1.00000000	1.00000000	0.75986588	0.00116320	0.09197392	0.10248945	
9.00000000	0.00550260	1.00000000	1.00000000	0.79502845	0.02930444	0.08171135	0.10193999	
10.00000000	0.00550260	1.00000000	1.00000000	0.74087777	0.00116320	0.04824999	0.13764045	
10.00000000	0.01558062	1.00000000	1.00000000	0.78801302	0.01714814	0.04061890	0.09905461	
10.00000000	0.02927034	1.00000000	1.00000000	0.75745226	0.00116320	0.03673973	0.13408674	
10.00000000	0.02263094	1.00000000	1.00000000	0.72793186	0.02966560	0.02517167	0.08148633	
11.00000000	0.02406919	1.00000000	1.00000000	0.81883511	0.00116320	0.03891200	0.06977150	
11.00000000	0.00729634	1.00000000	1.00000000	0.73670997	0.00116320	0.07820529	0.10123147	
11.00000000	0.00807894	1.00000000	1.00000000	0.78264273	0.02872199	0.07541499	0.09002064	
11.00000000	0.00791784	1.00000000	1.00000000	0.82572655	0.00116320	0.02756111	0.11200457	
12.00000000	0.01971410	1.00000000	1.00000000	0.71120607	0.00116320	0.12815700	0.06176465	
12.00000000	0.03612758	1.00000000	1.00000000	0.76747105	0.03621926	0.07351550	0.14170224	
12.00000000	0.00550260	1.00000000	1.00000000	0.83349709	0.01562386	0.00959328	0.07431272	
12.00000000	0.07856606	1.00000000	1.00000000	0.65515823	0.02077679	0.02438967	0.06746525	
13.00000000	0.00874958	1.00000000	1.00000000	0.72668238	0.03704525	0.07394476	0.07522144	
13.00000000	0.03132512	1.00000000	1.00000000	0.79980301	0.00740189	0.09988960	0.11738374	
13.00000000	0.00550260	1.00000000	1.00000000	0.72632144	0.03511392	0.08278215	0.07120862	
13.00000000	0.00550260	1.00000000	1.00000000	0.69326378	0.09577012	0.04569431	0.08693424	
14.00000000	0.00550260	1.00000000	1.00000000	0.76468427	0.00116320	0.05989810	0.09752011	
14.00000000	0.00550260	1.00000000	1.00000000	0.73489372	0.00116320	0.05807435	0.07844649	
14.00000000	0.00550260	1.00000000	1.00000000	0.77021444	0.00116320	0.05667948	0.14558041	
14.00000000	0.00550260	1.00000000	1.00000000	0.80370311	0.00116320	0.14492252	0.06164381	
15.00000000	0.00550260	1.00000000	1.00000000	0.79590784	0.05309469	0.11039336	0.11437413	
15.00000000	0.05080190	1.00000000	1.00000000	0.71945704	0.00116320	0.05989810	0.10770791	
15.00000000	0.00550260	1.00000000	1.00000000	0.79390445	0.01640536	0.04331342	0.07854007	
15.00000000	0.00550260	1.00000000	1.00000000	0.74625031	0.00790675	0.05295929	0.05542670	
16.00000000	0.02465372	1.00000000	1.00000000	0.75561046	0.00116320	0.02984203	0.11576777	
16.00000000	0.00550260	1.00000000	1.00000000	0.78680129	0.01539717	0.05474856	0.12214904	
16.00000000	0.00313488	1.00000000	1.00000000	0.76457582	0.00116320	0.09451603	0.10587432	
16.00000000	0.00550260	1.00000000	1.00000000	0.76819980	0.00116320	0.03005745	0.13709798	
17.00000000	0.04844057	1.00000000	1.00000000	0.81015988	0.00116320	0.02456029	0.00787873	
17.00000000	0.01260337	1.00000000	1.00000000	0.62767276	0.06056871	0.05989810	0.06680894	
17.00000000	0.04805017	1.00000000	1.00000000	0.75374619	0.00116320	0.09953358	0.00429146	
17.00000000	0.00550260	1.00000000	1.00000000	0.75137264	0.00116320	0.06056876	0.11873975	
18.00000000	0.04820817	1.00000000	1.00000000	0.72048786	0.05914798	0.07333656	0.06744701	
18.00000000	0.04052454	1.00000000	1.00000000	0.62112558	0.05343042	0.14739488	0.11507389	
18.00000000	0.09830555	1.00000000	1.00000000	0.70058895	0.00116320	0.04011563	0.12316240	
18.00000000	0.00550260	1.00000000	1.00000000	0.75024347	0.03684194	0.07524248	0.14393517	
